2
3
3 1 4
2 5 8
9 6 7
2
20
 207 316 122 186 303 248  18  58  91 339 302  99 325  60  23 130 296 102 277 310
 192 322 260 148 331 309 290  71 357   9 351 270 198 229 287 179 278 257 281 336
 135  57 391 304 118 370 256 113 187  46 340 280 167  35 392 328  43 247 282 131
 117 342 217 173 136 363 214 397 123 297  70 208  25 276 143 348 230  68  12 273
 134  42 253 362 203  48 380 152 285 393 398  92  86 232  90 114  56 292  83 175
 132 180 115 141 334 371 386 195  59  39 183 349 251  34 110 228  47 244 355 259
 121 345  19 352  72  33 197 369 219 161 104 291 313  62  63 220  44 305 314 160
 284 269 108  76 332 155 120 234 315 177  88  55 239 238 196 231  45  17  65  81
  41 176  22 178 301 107 193 182  14 209 387  50 300 109 367 151 128 338  64 127
 199 346  95  69 124 224 394  80 294  82  96 221 252 385 373 299  78 188 267  93
 343  28 242  27  85 139   6 100 172 330 223 249 308  97 360  31 326 170 240 171
 166 226  32 154   7  51   8 165 319 243 156  36   3  74 288 399 133 111  54 379
 289 211 181 250 368 374 358 145 103 396  10  24 271 205  66 375 254 106 324  77
 265  75 201 169 222 318 227 258  40 105 293 323 366   2 149 261 359 185  16 194
  29 142 327  15  73 174 236 204  26 101  53 344 233  13  67  98 383  87 245 388
 389 210 163 191 347 381  30 372  61 312 126 382  38 272 354 335 146 235 218 390
 279 337  21  49 162 190 378 216 333 263 202 286 400  94 129 153 157 147 241 159
 329 225  79 119 264 137 395 311 341 150  52 215 384 112   5 283  84 365 376 212
  89 298  37 295 274 266 361 140 138  11 125  20 206 350 213 144 168 275 307 317
 377 321 189   4 200 116 262 255 268 184 364 237 353 158 164 246 356 306 320   1
2
3
 6 9 8
 4 5 7
 1 2 3
2
4
  6  9 14  4
  5 13  1  2
 11 16 12  3
  7 15  8 10
1
4
1
8
0

