25
2
1 2
8
1 2
1 7
7 4
3 5
8 1
4 6
2 3
9
1 8
9 5
2 9
5 3
4 6
9 4
4 1
7 2
3
2 3
2 1
7
2 4
5 6
3 5
1 3
6 7
2 1
10
1 6
1 4
7 9
1 2
3 1
4 8
8 10
2 7
3 5
10
9 7
5 6
9 1
3 10
5 2
9 3
3 5
7 8
4 9
10
10 9
5 1
10 6
1 10
7 8
6 4
9 2
7 5
7 3
10
1 7
1 3
8 9
7 4
8 1
6 2
1 10
9 6
5 8
10
6 10
5 4
8 1
7 9
6 5
9 2
2 6
8 3
4 8
175
79 94
136 127
24 17
64 79
7 104
108 80
167 103
109 82
46 77
120 105
90 109
78 12
58 25
69 52
146 29
137 118
171 56
60 87
21 147
64 101
43 72
81 99
156 24
87 138
8 92
99 120
51 69
18 139
104 95
9 133
88 137
15 23
135 14
138 68
65 37
105 58
133 166
62 36
158 35
96 171
110 44
91 43
73 129
33 152
126 73
138 53
146 48
88 6
157 9
144 84
164 15
77 128
41 20
72 165
29 142
27 143
37 13
141 85
110 96
145 66
60 130
6 140
31 55
171 151
31 114
35 1
100 122
77 119
125 34
161 125
137 2
27 115
14 70
125 150
83 173
166 28
122 113
75 5
152 8
125 124
105 60
77 47
161 91
169 93
172 154
50 40
103 145
3 141
42 162
112 157
105 88
64 149
85 21
90 4
74 16
137 116
11 78
97 26
103 54
59 111
93 38
102 167
162 67
12 136
30 41
12 135
26 121
3 158
57 170
50 134
153 97
62 148
163 71
68 62
99 45
79 106
65 74
84 102
55 57
33 27
156 83
114 123
160 159
131 31
175 42
142 160
4 75
142 172
127 89
43 117
135 168
113 126
166 131
171 22
94 98
8 144
60 146
61 112
119 11
36 110
122 33
38 81
97 49
10 155
41 3
146 163
163 108
63 161
104 19
78 164
106 46
135 169
31 86
175 64
43 153
54 63
134 175
124 7
7 50
20 76
6 90
87 32
158 156
122 18
174 61
45 107
156 65
58 39
25 174
140 132
69 100
93 30
10 51
111 10
97
93 24
28 47
32 5
60 50
34 20
92 66
17 69
26 57
6 18
25 46
11 83
76 70
75 88
6 7
50 75
5 78
95 52
72 3
88 17
75 53
60 37
27 60
57 49
91 8
8 48
31 19
46 73
20 95
80 23
79 64
84 43
40 84
70 80
52 51
20 42
16 55
38 97
23 36
82 14
9 56
71 11
36 94
49 4
15 59
86 28
21 44
2 32
86 27
3 74
11 92
78 82
73 71
49 79
85 38
1 89
62 77
37 16
65 30
7 26
32 29
73 63
79 25
61 76
68 87
5 67
80 35
64 1
62 40
62 10
78 22
60 91
71 96
88 12
59 65
26 13
97 34
87 31
67 33
88 58
14 61
96 21
91 93
19 9
71 41
48 72
47 2
69 62
45 90
60 81
12 39
65 68
90 54
10 45
44 86
69 15
78 85
210
130 73
189 24
201 55
68 48
103 144
183 64
13 141
169 81
205 94
49 153
25 140
97 155
95 187
50 31
30 3
7 27
51 7
122 207
64 47
72 84
94 58
195 59
172 209
85 74
10 83
144 161
3 87
151 52
57 101
103 77
123 146
134 137
145 90
119 150
194 201
210 191
79 39
186 145
209 186
184 164
11 124
38 86
139 148
96 179
193 173
173 16
157 177
14 107
15 193
63 176
118 23
40 53
45 63
143 56
181 98
82 110
90 188
204 51
203 136
170 22
77 68
75 168
122 45
138 19
36 165
121 40
93 2
122 103
146 194
73 184
198 204
38 75
64 33
67 147
80 106
150 152
141 28
58 112
50 95
58 92
189 175
209 120
178 66
25 12
38 149
58 15
174 202
200 134
178 182
169 18
115 91
148 121
98 196
93 129
168 131
154 126
97 181
16 180
129 17
6 183
187 11
200 46
70 151
16 93
146 70
138 156
87 9
38 119
170 127
197 174
127 13
82 49
26 171
76 198
98 205
68 115
54 172
134 42
142 206
177 170
166 21
151 76
49 67
108 30
33 38
7 160
82 158
193 34
15 71
56 195
119 142
5 162
81 65
161 109
187 69
196 43
3 4
95 61
153 6
158 102
134 62
183 72
156 1
173 128
53 5
141 138
189 105
82 192
166 29
193 82
61 139
102 167
104 210
173 190
47 132
104 85
114 57
178 114
63 178
94 10
35 143
2 25
87 78
162 41
102 111
27 130
146 125
206 32
28 14
54 189
169 108
12 117
69 80
88 118
155 100
172 36
47 26
197 54
16 99
193 200
24 166
164 163
154 122
162 123
185 79
61 88
36 199
152 8
94 113
4 35
111 159
86 96
66 89
164 208
169 104
199 133
29 169
84 37
71 50
67 185
148 44
1 60
34 135
113 157
106 197
164 116
209 20
115 97
136 154
189
84 7
127 45
116 9
80 133
109 95
133 61
167 151
123 59
150 162
142 51
126 185
53 135
51 112
22 10
30 65
164 52
10 149
62 164
140 38
121 81
120 13
36 30
185 77
120 83
7 41
37 114
185 70
17 101
91 43
186 46
132 166
2 154
15 134
23 3
15 78
58 28
156 73
185 159
187 85
110 26
101 55
110 144
178 86
115 138
109 50
179 109
160 23
155 167
184 140
186 160
18 131
189 147
169 6
12 122
57 24
14 139
126 186
140 35
136 107
154 177
103 132
78 111
108 157
18 145
147 171
35 4
132 36
159 168
67 75
153 12
21 14
99 1
151 161
66 88
169 22
58 76
53 54
151 47
60 80
125 143
160 179
95 173
41 19
70 123
55 94
162 31
26 124
59 91
136 187
160 130
125 136
25 11
163 90
142 129
56 89
43 82
93 175
161 18
84 189
3 49
142 178
170 117
164 34
73 118
78 16
2 137
135 169
158 180
50 142
136 92
72 170
53 48
168 97
9 8
169 66
133 74
137 165
142 148
71 42
84 69
52 127
68 184
75 176
51 120
148 87
154 125
32 96
75 156
5 64
107 99
106 98
4 17
21 39
133 108
34 63
82 188
113 105
103 158
134 174
182 128
11 60
125 32
74 20
159 115
146 72
94 21
2 182
134 53
96 102
51 93
30 153
158 126
170 84
114 67
33 163
76 68
130 106
131 103
163 25
85 146
119 155
72 44
84 152
96 113
14 121
119 172
174 79
64 62
14 141
106 56
60 15
23 110
106 100
185 37
16 2
17 29
18 150
31 33
100 40
89 27
62 119
117 58
55 57
123 116
74 183
128 104
71 5
30 181
359
52 57
29 80
69 257
207 98
245 342
135 41
23 230
15 93
276 74
113 63
335 58
353 106
24 332
87 168
86 16
57 137
296 42
63 138
15 309
72 294
139 254
272 9
6 215
170 174
9 209
129 83
289 35
144 245
258 189
39 279
66 65
264 6
260 173
145 217
235 354
221 14
348 297
311 224
354 23
279 52
172 29
174 278
265 192
318 84
344 242
16 127
248 178
85 340
234 200
245 146
127 318
291 186
300 260
305 124
2 298
263 33
126 333
304 1
80 355
11 196
159 259
321 240
61 64
310 306
176 4
83 76
350 145
340 216
248 188
38 114
266 231
9 214
100 92
258 5
184 338
38 91
266 325
50 8
151 26
156 67
188 7
167 50
10 125
224 250
252 54
131 21
95 115
28 142
109 38
95 319
329 68
222 261
185 226
290 133
359 347
312 45
201 73
303 234
328 102
236 223
148 10
272 126
176 19
108 324
255 170
354 135
252 72
46 152
187 202
334 199
302 157
332 327
207 48
194 282
283 177
11 118
128 272
212 353
8 136
166 185
100 277
77 244
293 53
188 181
3 129
337 208
202 310
252 292
177 77
352 112
130 237
158 213
220 227
135 299
167 116
12 194
236 96
21 315
47 248
69 164
155 323
271 59
169 232
161 349
151 166
171 111
322 311
289 302
131 22
260 162
193 131
255 276
242 313
104 205
226 281
109 75
34 90
22 274
357 314
52 221
260 335
5 172
38 207
35 233
245 206
51 265
295 220
109 132
316 108
76 154
261 12
292 287
231 165
340 44
236 147
62 249
199 151
306 121
89 253
308 163
8 155
112 11
230 283
92 256
21 79
150 193
149 113
181 81
165 141
357 320
76 160
211 255
279 350
14 25
269 352
20 28
227 330
167 266
58 203
169 235
89 105
285 348
189 239
151 241
214 212
243 204
26 97
34 225
218 359
267 211
127 87
132 312
41 285
44 159
12 246
96 101
315 51
92 236
295 222
283 2
57 36
204 345
156 252
21 190
270 39
126 300
347 109
144 286
277 13
33 143
300 43
139 243
102 343
107 30
215 326
342 99
347 329
142 308
209 197
265 210
218 251
197 149
78 264
229 47
182 263
194 321
347 339
318 316
194 78
68 171
67 60
243 317
12 229
201 175
116 307
124 337
19 218
106 103
154 187
151 301
352 291
198 24
108 17
299 358
43 66
242 3
181 305
78 191
58 344
36 94
122 95
304 15
67 71
298 183
36 268
18 20
282 70
231 18
127 158
143 357
261 122
141 128
59 296
253 356
323 110
318 184
62 55
349 351
5 293
27 247
17 328
302 269
138 140
263 46
144 273
134 34
344 284
63 341
34 271
133 119
158 322
60 161
2 238
254 179
333 31
194 62
211 104
129 267
72 88
244 289
353 61
59 156
38 49
145 40
228 198
192 27
201 228
128 295
171 262
37 123
188 275
274 176
335 56
244 290
6 69
296 85
185 331
157 153
63 107
18 148
340 219
99 180
237 169
54 270
141 144
159 86
109 130
89 288
63 195
219 32
11 182
339 258
86 167
127 82
105 120
324 336
208 150
41 334
245 201
256 346
315 89
188 100
64 303
99 304
294 37
109 117
269 280
345 134
500
312 195
97 416
218 87
499 400
158 498
345 491
205 318
313 1
359 19
456 442
416 65
357 334
70 41
376 151
357 279
275 363
46 192
408 483
169 39
146 448
132 124
400 248
421 139
39 132
195 428
417 102
19 265
301 222
67 56
302 460
42 395
147 12
479 338
58 450
123 115
423 123
352 220
18 294
309 32
306 210
264 251
381 224
53 269
485 366
227 105
354 326
204 111
453 24
250 189
192 371
414 61
350 329
145 478
26 352
375 175
66 131
439 232
26 362
238 239
196 197
496 138
284 358
278 145
91 185
99 40
297 81
359 438
27 437
227 467
439 431
369 228
20 290
233 153
437 374
338 187
175 393
447 27
211 161
182 247
196 289
161 164
180 360
10 445
235 214
198 499
171 466
148 26
172 144
376 359
50 66
59 215
215 477
409 113
485 69
63 331
217 324
331 301
217 3
434 435
328 100
384 169
110 434
71 303
123 341
271 487
393 320
208 129
352 95
19 382
137 190
153 401
413 291
494 177
314 57
428 489
173 474
316 53
301 439
28 67
124 85
308 167
130 387
414 234
126 213
27 472
357 317
339 186
345 292
347 238
176 133
59 125
298 121
109 427
463 180
10 9
448 230
135 84
10 253
362 122
324 495
80 182
469 203
422 293
210 268
316 436
99 86
173 226
117 272
489 339
155 497
441 323
243 463
53 332
318 204
240 456
134 229
134 350
196 98
232 218
75 23
27 392
372 33
380 296
483 83
163 246
197 202
7 112
91 443
77 275
186 76
272 237
135 99
122 351
415 103
369 493
309 77
105 172
41 256
421 2
224 473
244 480
33 430
486 422
26 51
109 488
196 492
458 353
356 316
466 117
111 423
206 217
253 74
166 453
443 370
384 479
167 284
124 297
324 34
436 311
459 219
199 414
239 283
258 75
1 18
312 54
204 92
361 402
340 245
249 308
404 315
117 421
17 378
290 221
443 194
406 50
347 116
77 258
132 409
214 281
422 173
176 156
320 110
270 345
106 90
46 333
476 340
344 299
28 372
446 89
34 58
205 146
53 277
233 328
407 118
348 280
120 72
327 373
377 10
413 337
468 206
467 310
415 196
236 107
444 191
56 365
286 21
294 157
377 380
118 101
326 452
20 349
74 470
189 486
222 45
481 141
117 356
498 383
209 43
307 49
38 160
64 314
355 70
435 307
176 7
202 242
25 205
153 415
293 451
99 484
149 432
467 464
398 459
114 148
396 440
471 150
347 305
309 257
304 418
433 154
47 166
491 327
364 288
477 330
387 78
462 347
36 236
363 134
274 354
361 25
462 369
119 403
397 270
417 79
172 47
406 278
4 183
482 455
261 184
79 106
291 313
76 46
301 60
196 108
20 120
342 55
148 143
203 63
87 433
319 5
314 386
300 227
43 165
4 404
90 20
318 199
343 163
55 412
102 225
435 449
227 388
289 444
53 158
21 94
265 266
310 355
260 457
214 136
177 298
282 379
386 342
131 399
453 135
404 240
123 406
113 300
463 461
381 263
160 36
142 302
286 485
69 250
216 35
331 405
200 181
357 130
422 274
183 476
109 420
30 212
25 276
53 244
300 361
197 30
158 398
177 377
257 28
356 282
485 496
204 119
440 171
118 127
3 200
463 231
442 82
7 469
385 13
226 162
3 149
378 426
65 348
147 306
132 142
366 62
93 286
342 407
338 8
38 312
444 88
278 44
304 295
144 254
303 391
121 16
213 170
387 29
465 285
321 252
402 14
138 126
55 325
167 59
398 259
375 137
249 52
106 11
373 17
134 500
258 390
308 408
168 273
431 235
264 97
414 211
341 267
492 31
417 176
382 417
207 243
373 394
388 114
25 249
26 73
193 96
430 429
13 389
454 208
264 344
159 155
282 462
246 198
96 309
54 174
440 147
84 168
297 209
125 321
378 201
163 419
310 287
50 104
227 397
87 179
157 367
369 471
327 468
302 22
422 481
51 441
258 207
342 475
466 322
106 68
48 109
330 465
128 368
225 385
455 376
229 261
199 91
193 335
167 396
134 4
155 193
335 241
379 482
198 271
343 494
336 262
436 37
451 128
100 410
500 178
318 42
368 48
85 159
55 15
370 413
279 424
155 64
215 260
296 223
190 425
493 446
256 381
37 304
441 233
357 458
256 346
416 255
23 454
463 319
343 71
9 384
334 364
273 38
303 93
278 447
339 375
246 188
210 6
343 264
408 80
56 140
36 411
69 490
78 343
497 152
304 216
262 357
500
300 92
3 463
38 215
405 398
144 73
494 183
360 193
300 371
36 244
272 332
175 288
415 37
485 177
75 14
29 170
299 303
103 481
209 471
308 387
228 159
44 152
156 67
218 88
253 52
166 313
215 261
111 164
433 83
41 5
164 95
158 451
13 314
445 64
146 364
354 258
442 326
106 3
281 301
308 346
174 462
457 468
416 127
450 425
86 213
222 86
492 265
463 440
69 126
407 182
195 56
356 232
225 146
57 208
360 82
225 369
426 475
88 239
253 382
418 433
14 207
62 454
430 269
391 129
114 138
210 289
378 61
23 488
410 347
273 456
1 284
417 272
96 223
186 309
335 104
161 108
295 253
451 162
422 373
338 358
364 198
398 124
281 16
23 495
177 482
288 6
245 325
247 103
186 53
307 292
422 242
112 72
148 429
213 121
128 186
318 36
475 40
188 202
324 84
229 434
284 485
447 384
305 140
215 449
198 31
207 274
431 75
72 494
286 461
389 123
222 62
197 109
90 336
303 55
22 195
139 491
91 355
43 477
199 476
492 389
9 71
149 316
386 173
369 149
314 276
386 105
75 366
216 320
191 375
500 365
438 275
167 1
420 415
83 442
173 427
154 469
136 155
215 323
168 299
82 99
122 200
25 459
192 115
498 319
137 255
244 439
448 493
258 428
195 128
108 345
53 39
68 131
95 448
93 312
83 234
300 96
2 217
45 317
432 465
153 466
461 478
289 240
104 348
460 436
32 8
434 148
448 35
206 432
5 367
124 222
41 179
333 308
295 139
287 125
256 42
469 41
214 360
320 201
99 225
493 29
426 283
313 93
192 267
241 388
213 22
234 470
300 268
124 12
147 340
184 486
179 185
477 237
267 11
343 280
441 245
27 349
142 57
284 74
162 333
429 291
102 259
188 142
125 117
402 285
122 290
80 87
109 194
17 443
447 174
19 59
24 158
385 406
468 497
398 437
423 102
4 407
160 399
499 377
276 447
199 414
366 168
273 344
460 241
305 78
96 390
460 254
492 204
198 362
195 492
370 498
368 331
8 359
182 386
121 422
271 101
31 418
451 45
386 455
281 145
286 38
334 110
453 460
86 374
410 324
447 172
26 23
168 483
152 28
103 13
36 134
396 403
242 144
133 58
241 296
71 421
321 334
36 464
158 15
291 25
149 445
171 354
146 233
149 216
13 306
222 49
335 286
55 7
383 188
463 380
98 452
408 157
358 304
289 307
280 357
488 119
454 300
121 10
467 484
171 343
311 229
345 402
292 17
10 394
287 356
80 372
415 196
181 350
450 338
196 444
58 248
5 48
336 381
234 263
455 137
343 337
422 219
259 435
420 419
449 277
406 430
123 160
267 218
420 166
301 379
277 401
195 411
10 130
131 51
342 294
72 228
468 30
385 210
423 91
15 187
241 120
311 235
19 76
219 423
159 116
258 176
221 181
351 305
53 147
327 426
468 293
151 400
272 132
65 141
437 192
281 467
42 257
193 20
295 395
259 184
417 361
485 98
493 50
314 24
412 458
140 260
170 500
365 322
225 256
74 135
237 77
493 321
154 221
422 385
330 18
102 328
156 70
294 249
154 220
387 151
452 273
350 89
157 287
81 339
69 392
422 205
99 199
134 171
162 250
207 175
120 107
427 150
242 404
39 156
21 457
13 330
312 479
451 180
178 4
457 153
363 368
211 9
264 474
408 264
23 351
269 230
345 329
423 43
315 94
137 473
294 154
206 214
6 212
470 295
134 282
479 60
313 32
23 409
123 66
84 63
50 446
447 266
56 113
249 2
453 190
96 197
243 342
30 408
61 370
40 44
80 231
6 106
471 378
249 27
175 85
205 310
46 391
288 363
26 438
141 112
195 441
60 178
461 100
235 480
270 252
7 281
241 47
62 238
10 34
44 80
412 352
347 416
394 133
196 335
398 161
323 315
317 69
373 278
199 311
271 206
94 410
284 487
284 262
343 489
129 270
94 353
247 226
330 271
214 227
249 143
108 97
344 26
335 189
68 211
400 243
421 472
412 279
28 420
124 318
90 203
11 81
322 118
90 167
477 19
434 33
69 397
253 431
94 236
19 79
165 169
359 111
23 247
160 54
466 298
199 490
495 46
440 21
256 383
293 405
92 122
360 412
432 424
449 114
327 163
259 393
180 136
429 209
285 396
358 376
84 417
169 327
326 191
98 297
430 68
28 499
77 65
105 90
183 413
302 450
199 246
251 165
297 224
301 302
254 251
341 453
14 496
500
439 407
282 255
259 458
189 142
317 188
374 304
392 172
384 17
90 167
166 384
437 69
266 171
366 138
159 359
83 125
161 437
462 331
346 308
287 258
442 47
114 103
400 204
369 29
29 411
98 49
291 246
480 169
252 294
125 181
394 39
228 164
491 149
188 240
278 143
27 360
145 213
490 95
85 221
37 312
40 352
397 452
92 122
29 140
486 67
150 225
313 342
453 187
208 298
144 426
76 288
197 462
370 484
490 376
228 296
4 6
197 474
178 494
311 263
485 495
123 137
115 275
25 182
284 46
402 208
270 179
52 50
23 291
111 110
61 260
293 165
335 162
330 64
212 395
238 491
82 385
38 35
360 105
232 443
446 382
221 243
340 386
407 450
120 177
157 4
495 366
311 338
344 341
240 332
54 73
152 461
499 203
313 418
459 301
191 1
106 16
175 93
256 38
337 470
105 396
409 82
313 358
138 387
139 75
265 354
439 127
403 268
395 394
470 364
495 374
248 266
286 487
399 489
23 380
285 227
297 373
106 467
71 440
479 232
184 285
469 393
181 281
434 242
134 89
463 500
111 309
138 361
74 261
337 218
415 51
295 90
114 367
164 59
219 289
389 120
349 283
189 228
179 94
379 83
466 368
466 58
400 302
289 131
235 198
477 339
84 326
480 231
186 460
239 249
279 438
242 144
9 383
49 259
36 488
162 324
96 492
392 463
232 186
204 61
37 280
233 132
89 65
448 456
453 439
483 455
170 238
65 473
489 424
377 234
394 116
468 303
360 160
140 379
345 176
13 267
399 102
130 195
237 11
233 184
72 272
22 327
453 226
59 145
359 497
130 223
58 293
319 101
374 314
134 217
341 403
40 276
129 427
406 349
273 20
33 70
248 173
315 44
272 192
167 465
96 126
190 230
107 33
301 416
18 14
477 156
8 133
477 420
340 194
479 56
298 43
447 269
445 404
317 13
340 212
434 220
199 479
308 41
317 270
108 381
101 98
179 113
304 27
350 400
197 32
363 435
30 121
304 436
318 459
116 216
36 155
190 409
193 398
56 307
263 157
469 256
220 413
341 447
4 88
69 170
223 175
127 219
10 297
179 414
53 57
221 490
350 146
168 96
144 79
429 128
252 468
290 236
461 68
462 389
464 363
366 161
371 15
157 139
25 63
266 350
35 390
394 106
455 319
268 469
115 300
287 199
109 454
98 485
62 306
383 431
105 412
77 257
395 18
480 482
320 451
205 496
364 99
309 391
344 248
297 91
398 334
21 180
92 10
87 478
266 432
423 30
353 320
401 12
327 247
272 286
398 48
346 107
468 335
10 209
301 406
423 453
276 315
461 471
336 191
45 370
311 201
81 295
217 477
479 23
7 211
425 401
185 141
97 117
442 434
246 183
264 66
245 60
337 148
449 287
253 87
420 190
305 472
182 28
454 5
187 19
246 215
185 375
394 378
374 31
426 466
353 446
430 123
460 85
124 430
434 290
378 97
351 274
97 347
361 397
5 224
335 457
292 422
359 325
357 279
96 444
451 241
50 34
255 483
313 318
411 118
190 119
99 346
58 40
26 130
429 76
213 402
38 202
283 442
378 206
6 253
402 100
360 197
432 405
137 53
28 54
382 174
144 72
35 163
408 429
186 244
214 372
457 55
429 239
470 348
375 265
24 475
384 499
40 365
284 273
44 323
483 343
328 282
7 8
273 168
191 22
289 277
63 92
48 480
280 399
68 3
124 210
153 476
160 233
407 135
186 250
477 129
442 237
1 311
371 328
406 317
273 134
165 74
180 37
324 345
413 321
41 185
353 229
310 425
120 284
355 464
279 154
476 353
208 152
153 316
183 445
137 151
314 109
335 166
430 235
356 26
305 337
7 356
53 421
417 449
40 428
356 252
182 329
234 333
390 313
289 159
494 124
85 481
122 200
249 336
408 84
280 193
302 371
232 112
243 362
480 207
253 62
467 111
456 71
222 104
31 369
489 351
156 114
151 271
30 245
278 486
431 423
294 214
246 355
437 86
61 262
35 410
256 150
301 80
340 189
179 417
3 415
99 278
320 222
98 305
148 392
48 178
11 52
256 377
346 196
126 108
60 251
464 264
26 388
308 21
208 77
494 42
265 310
1 153
466 419
358 433
266 322
339 7
415 344
263 340
101 292
404 254
236 45
470 441
381 493
475 2
85 78
387 25
454 357
129 158
19 408
167 136
436 81
28 24
57 330
374 36
294 205
352 115
299 9
102 448
10 147
498 299
500
196 428
169 371
22 350
345 373
36 240
172 56
38 402
356 187
51 38
14 88
394 330
351 311
390 500
72 317
473 426
112 188
373 265
315 479
130 272
311 105
157 355
77 408
177 358
173 64
443 407
215 133
282 71
340 62
258 235
84 68
196 72
396 300
362 338
440 285
137 341
270 435
404 375
5 493
402 297
457 495
93 486
122 386
158 225
232 497
310 230
1 448
337 457
64 26
339 391
296 179
66 496
26 125
424 78
314 245
152 468
431 452
220 124
130 483
416 178
427 269
364 90
182 127
110 334
310 137
362 406
421 236
314 298
298 278
456 209
343 41
124 104
235 346
331 130
126 48
176 73
407 46
337 103
333 405
90 461
444 114
130 213
382 185
69 392
182 250
1 327
183 83
326 492
211 251
149 444
208 155
334 140
410 464
277 296
252 238
496 145
236 277
315 95
176 2
134 253
278 244
140 263
222 354
463 343
3 150
109 129
37 315
137 443
27 158
431 21
370 471
157 117
343 299
455 97
157 217
285 275
261 34
118 199
183 162
477 219
249 121
180 491
392 420
469 440
415 475
393 430
181 433
337 425
382 116
208 247
223 441
205 284
489 399
225 374
125 214
496 173
153 256
266 135
117 167
4 216
337 181
153 255
382 49
153 477
320 423
94 211
307 161
381 325
379 352
211 200
113 489
256 122
407 361
7 32
320 472
480 15
394 414
94 65
272 320
360 421
466 201
212 488
148 362
394 79
241 237
342 192
180 202
377 409
152 208
443 115
307 212
237 198
435 239
425 313
19 54
106 102
197 359
203 67
215 13
405 363
425 47
429 413
429 4
318 106
481 154
29 301
495 128
392 101
266 469
460 126
140 432
71 112
259 87
185 228
148 131
350 415
304 400
47 416
304 233
365 390
172 376
282 89
247 437
319 184
398 120
278 326
221 91
163 366
335 329
459 383
225 204
435 226
154 82
391 419
337 388
143 490
482 190
331 356
53 156
49 123
463 395
82 485
200 335
235 168
234 249
255 210
393 138
99 85
122 189
332 151
20 43
213 381
279 498
199 364
163 175
297 274
496 446
415 44
347 340
482 134
251 384
500 176
388 342
120 487
170 385
313 197
478 27
148 451
397 37
47 257
194 262
239 74
255 310
49 229
125 195
270 368
334 424
292 164
390 109
371 81
204 438
289 454
138 398
85 232
72 449
115 57
293 412
14 94
56 467
327 396
48 484
391 10
329 422
182 99
387 393
476 157
171 476
457 345
384 93
133 53
294 271
321 319
293 302
406 427
426 380
427 429
239 3
320 291
80 458
262 318
401 152
112 223
45 372
223 17
203 80
122 42
363 132
409 205
180 456
43 473
250 142
311 119
228 322
113 279
213 378
206 69
1 357
21 336
492 445
84 7
316 174
301 436
291 39
208 218
284 306
220 290
172 367
20 148
287 369
210 40
350 45
360 1
122 108
90 401
357 33
369 180
233 224
378 303
195 294
105 50
356 382
419 66
353 30
498 276
250 370
276 139
222 196
27 246
112 344
166 160
79 314
280 323
28 462
388 321
456 70
257 9
259 273
115 24
259 215
55 183
494 194
185 51
258 76
486 439
386 460
141 397
333 463
85 394
293 411
121 221
213 55
412 52
369 254
67 231
339 59
8 19
348 63
402 75
30 28
30 288
22 453
96 92
327 351
286 282
202 169
272 360
113 389
219 442
361 387
160 5
127 243
484 60
63 339
433 283
256 331
438 8
225 450
357 332
473 234
188 481
9 149
240 324
17 20
324 353
339 307
466 295
100 258
147 328
327 171
44 86
100 177
153 113
191 337
150 494
37 29
298 347
76 241
102 141
354 270
421 304
237 16
117 259
125 268
367 447
68 404
13 58
94 61
471 166
416 25
269 316
189 478
28 292
126 431
457 147
394 191
17 35
53 98
398 410
147 293
269 12
484 349
495 281
218 107
419 143
411 165
104 153
339 77
209 252
25 434
458 308
360 286
483 22
326 159
337 455
463 111
421 100
376 418
88 136
109 182
202 36
293 348
478 23
277 289
210 312
359 6
103 14
375 333
133 459
114 163
193 118
85 11
44 172
363 220
331 206
227 266
254 84
427 379
205 417
427 96
220 207
413 222
464 280
457 309
389 248
170 264
157 466
372 170
347 31
284 305
303 18
77 146
391 287
53 470
136 474
170 267
333 203
327 482
22 260
226 193
132 377
25 186
216 480
135 365
39 499
214 465
408 403
261 227
424 261
33 242
49 144
500
147 469
344 44
277 390
360 330
5 275
111 40
5 193
210 264
84 36
306 443
398 332
291 18
299 274
105 123
275 454
305 413
92 246
304 382
5 62
428 52
494 191
79 363
107 460
476 237
62 495
364 75
367 329
315 465
43 488
408 66
380 183
288 156
447 97
8 198
391 341
498 143
91 336
99 58
198 452
26 147
407 60
171 410
198 81
124 54
76 125
63 87
414 322
475 453
305 405
90 492
44 27
85 435
404 247
333 213
29 473
84 229
182 463
77 187
107 244
450 181
145 217
161 333
217 484
131 232
153 353
259 134
12 261
414 170
316 403
203 412
436 500
246 429
387 432
62 8
392 281
494 268
438 149
267 489
262 138
169 371
349 100
287 262
44 101
461 114
78 117
446 98
285 337
2 397
277 496
172 296
232 317
70 306
59 366
376 231
360 292
10 146
187 204
470 399
500 269
300 67
50 256
482 350
85 63
118 163
189 313
498 481
460 289
326 167
492 238
144 190
19 362
300 205
205 288
379 479
129 250
260 486
155 85
333 352
354 434
318 37
500 294
353 456
84 498
92 408
156 32
442 304
285 99
123 265
238 16
171 215
423 180
233 206
323 192
87 171
468 188
412 219
308 417
477 202
132 230
299 23
323 225
159 297
205 338
383 386
474 342
327 424
209 381
431 105
280 136
113 328
464 415
11 173
380 364
306 182
95 94
22 176
163 285
450 323
112 260
239 240
221 29
96 308
242 189
141 421
367 344
305 331
413 223
456 376
212 355
17 425
294 370
249 80
324 222
355 196
439 324
335 17
197 400
195 20
174 155
111 128
2 450
143 14
16 194
71 430
80 383
404 15
408 82
42 321
366 284
246 485
184 348
198 71
328 13
326 41
417 319
449 169
155 10
60 178
286 33
146 185
267 467
213 423
336 283
49 122
248 497
470 1
415 374
35 365
199 68
443 39
314 303
184 459
375 394
241 49
172 129
451 106
122 416
112 360
457 164
389 305
435 351
479 433
115 457
339 89
373 335
250 255
294 358
101 436
6 278
325 470
442 154
454 380
67 212
100 290
87 11
36 142
121 90
15 69
433 387
150 195
451 316
301 340
299 132
271 361
341 235
55 310
330 419
74 343
11 46
266 253
278 201
399 367
17 428
218 110
404 7
299 2
420 158
375 325
198 224
391 203
207 311
72 477
332 483
192 458
157 186
217 83
153 127
51 86
223 197
352 116
195 445
341 359
397 499
7 474
47 226
17 468
152 272
273 242
497 153
76 401
257 377
14 59
90 402
421 385
392 65
188 466
195 280
421 119
425 151
60 115
35 462
143 482
301 409
289 93
1 109
50 77
132 270
33 446
442 31
390 3
25 312
24 88
452 107
463 150
144 309
1 347
445 61
496 326
34 249
287 307
33 314
312 228
464 388
245 420
386 236
488 346
66 245
229 493
385 112
82 4
23 315
65 76
162 57
424 25
429 251
500 38
197 148
267 293
462 199
435 356
133 398
348 126
172 78
17 227
312 165
217 140
332 431
295 300
58 152
275 9
169 56
374 74
401 266
118 411
90 276
304 12
58 475
480 50
481 282
67 24
185 406
138 439
131 108
437 369
150 404
399 26
426 162
116 64
354 257
43 243
241 320
404 174
425 102
186 21
192 103
438 396
145 490
288 72
492 442
40 28
465 258
406 451
343 254
426 301
430 120
383 79
186 384
449 145
254 302
309 135
18 239
57 447
403 200
330 273
144 5
326 131
245 487
44 209
254 291
141 448
479 179
362 464
249 441
384 426
114 259
230 208
52 393
20 214
372 392
342 407
245 157
255 111
409 22
374 449
75 47
355 207
488 418
429 233
476 391
203 395
250 220
462 221
31 368
239 389
497 427
180 438
108 455
400 286
181 461
313 354
142 349
227 216
264 471
341 159
67 43
28 166
346 84
318 55
236 42
66 161
208 440
270 263
426 184
488 437
1 345
199 175
260 124
284 35
417 318
274 287
52 141
280 130
121 357
464 73
93 472
15 414
335 480
97 234
70 211
372 139
180 121
302 104
173 96
204 279
365 137
359 144
283 113
18 92
156 118
216 248
60 422
75 491
493 327
106 378
388 172
88 372
217 48
265 375
166 218
228 299
64 95
143 19
462 70
103 444
437 267
491 334
158 160
411 476
296 494
374 210
168 277
293 45
143 51
4 373
35 252
430 478
34 271
313 241
364 30
95 339
441 298
81 91
149 6
429 34
270 168
304 177
16 53
278 133
433 295
500
30 451
369 400
147 200
295 133
400 407
138 247
100 293
258 318
95 362
422 168
91 14
280 467
313 426
131 191
147 174
273 418
199 70
174 446
476 57
153 372
359 8
264 41
93 237
305 239
296 128
263 440
336 92
316 265
390 274
46 288
16 450
474 69
174 263
234 204
89 179
356 496
280 127
362 425
228 302
396 377
128 3
216 322
230 402
77 379
190 249
53 196
116 90
116 144
74 32
352 86
450 473
199 139
5 102
388 151
328 208
212 71
8 301
188 443
322 463
401 65
279 338
230 289
369 320
461 60
69 35
394 112
345 13
18 59
230 349
14 257
102 314
13 258
105 396
251 169
239 264
106 383
43 96
331 421
432 308
258 150
222 43
22 184
271 215
484 489
305 269
422 132
66 391
50 131
176 192
229 411
324 385
450 405
315 73
149 389
316 115
391 394
268 21
102 356
344 465
72 271
368 84
353 147
148 468
301 499
278 67
271 490
260 207
495 119
173 493
253 124
96 291
215 123
126 53
72 36
451 390
361 95
70 233
122 435
26 283
20 472
188 469
42 355
64 458
319 371
123 295
379 56
45 339
449 11
409 104
393 45
168 286
388 370
432 27
432 23
215 381
159 16
15 311
163 38
493 324
408 479
164 477
200 48
375 193
254 253
466 428
53 82
147 197
468 12
138 254
231 497
451 194
142 198
99 500
341 282
117 331
500 366
425 250
218 46
467 321
490 103
299 273
212 117
266 66
278 17
273 483
374 6
335 361
467 49
348 162
77 251
175 220
121 305
391 278
7 419
310 319
254 484
275 453
295 75
268 300
34 173
423 270
52 54
442 159
11 444
161 429
481 223
114 413
197 310
122 24
281 387
205 2
256 235
276 480
122 409
451 52
387 234
471 78
248 205
113 121
468 138
151 218
443 152
465 106
298 459
265 399
91 164
12 448
191 141
358 171
459 118
24 120
34 161
31 353
80 312
432 108
313 410
489 261
158 367
296 326
41 157
124 285
264 94
380 156
196 345
426 210
325 327
162 328
95 424
240 145
414 432
451 442
240 486
331 91
256 487
390 414
431 256
14 44
129 259
222 231
357 29
55 433
229 222
212 292
10 403
5 64
298 185
341 378
411 216
277 252
171 436
141 397
60 134
271 262
485 85
27 358
346 491
380 340
448 105
76 316
294 364
149 81
393 37
458 25
36 15
457 18
43 434
489 160
442 462
248 202
346 238
441 478
217 114
415 457
239 461
126 19
227 276
146 363
480 158
165 189
405 63
109 303
260 97
43 199
14 206
281 182
347 98
296 33
146 241
352 51
479 219
382 153
24 236
241 77
372 188
64 344
45 290
77 351
469 26
182 83
432 333
239 260
488 296
351 474
383 201
34 109
225 427
265 125
459 329
411 248
376 255
98 466
455 122
276 190
332 365
18 31
253 87
61 334
238 175
37 277
260 227
263 315
214 129
34 244
115 228
408 416
336 176
121 266
36 330
202 80
63 39
225 135
3 180
166 172
181 284
14 309
71 375
455 337
389 346
136 279
353 294
401 214
372 155
120 130
443 476
6 299
171 47
166 245
321 447
293 422
82 317
120 107
308 226
421 306
69 61
160 183
258 111
374 438
462 382
345 1
468 335
474 494
394 376
360 412
354 163
74 471
466 240
416 166
130 420
488 287
269 136
174 475
293 415
419 395
77 359
387 142
23 449
73 230
323 452
275 187
148 456
497 93
195 5
296 72
271 386
215 203
366 488
297 167
345 281
298 99
104 323
328 143
339 42
467 89
157 401
59 348
353 307
268 165
202 445
239 10
191 149
241 50
165 275
339 481
91 186
217 148
294 116
292 454
418 58
464 280
171 464
21 482
101 4
427 177
300 7
399 224
207 437
328 272
411 62
333 332
423 213
346 485
113 347
416 417
321 40
438 28
88 430
336 423
126 352
133 357
112 178
369 68
134 470
438 9
209 354
14 374
278 498
124 439
30 388
437 110
24 341
14 495
164 225
198 30
84 298
290 325
202 343
359 22
306 404
356 398
180 229
190 170
108 441
12 393
374 313
409 181
159 360
375 267
218 342
475 232
16 137
44 380
441 88
282 212
248 408
209 406
126 211
292 100
440 126
100 384
493 304
106 140
262 350
208 246
238 336
245 55
411 455
48 242
153 369
156 101
460 74
250 368
352 76
359 460
141 154
16 268
415 34
462 373
175 113
183 392
379 492
403 217
264 221
277 195
261 243
141 297
377 20
178 79
492 431
406 146
500
373 141
265 170
351 16
477 19
104 92
481 292
353 51
343 107
114 376
273 99
437 13
480 413
201 191
346 465
65 245
367 242
303 437
358 371
274 151
390 142
15 144
442 57
198 253
358 62
140 5
454 265
224 496
308 244
213 408
213 215
478 229
336 139
279 435
144 398
323 338
232 136
61 425
230 130
163 446
319 7
333 262
467 305
4 18
453 278
8 399
36 281
347 316
22 122
234 342
93 117
461 216
256 457
466 35
415 429
37 301
156 65
2 212
246 86
372 485
104 303
81 221
222 300
471 43
310 137
285 260
481 127
353 42
356 147
476 228
431 46
264 97
214 456
54 320
27 129
88 37
432 454
13 89
382 249
103 482
125 441
129 184
319 348
97 350
455 400
107 331
406 422
305 484
214 356
4 438
491 76
175 155
408 189
393 498
266 159
411 59
245 173
171 335
222 240
162 467
60 34
402 341
122 393
107 392
237 384
412 365
288 196
86 261
447 6
432 53
167 323
369 140
227 175
448 200
222 179
372 462
353 318
144 306
404 63
181 442
397 284
479 24
279 258
390 346
314 231
225 236
322 50
365 248
72 340
387 421
138 123
265 360
98 116
436 21
201 23
344 193
273 223
403 209
105 100
143 290
86 374
484 177
237 361
453 280
356 499
7 469
238 128
370 197
84 492
23 436
300 192
168 474
478 12
396 44
244 202
392 274
171 211
240 120
222 224
297 317
233 54
190 288
309 259
306 256
81 106
357 25
123 30
107 210
160 330
326 67
439 478
456 185
94 439
266 447
465 379
447 494
212 181
486 387
320 188
392 199
411 488
481 61
375 171
227 419
382 118
240 377
223 190
187 143
242 168
485 411
485 418
269 214
185 345
465 133
380 91
90 315
274 298
2 36
153 233
444 8
315 56
478 404
15 405
90 263
324 126
347 382
442 28
469 366
425 390
491 174
207 472
186 201
466 3
387 373
256 74
414 358
75 296
245 70
70 470
458 102
129 150
334 69
293 459
81 227
371 105
385 383
418 473
47 483
454 449
353 1
28 480
256 22
199 14
96 326
437 266
265 88
242 52
38 238
159 286
21 407
454 351
242 78
101 11
1 333
50 431
257 381
306 226
433 152
480 237
369 401
419 246
487 370
463 275
282 487
120 268
422 33
3 270
450 481
210 403
37 476
105 60
433 324
96 114
307 125
276 291
48 282
133 491
152 412
171 2
321 460
478 453
110 430
467 17
84 213
260 157
64 85
348 41
43 396
44 364
142 182
481 325
57 287
13 276
311 40
254 329
421 195
33 186
193 445
481 257
93 204
410 68
376 339
191 162
467 409
180 313
122 267
463 9
57 95
436 466
417 167
85 176
247 166
327 20
431 273
151 295
458 463
276 363
174 235
117 254
404 426
411 103
309 75
300 71
113 468
313 27
497 32
258 264
330 220
346 48
309 98
255 328
423 386
475 448
202 385
420 172
129 183
183 493
227 121
126 154
475 375
447 115
369 314
327 355
165 87
380 208
36 77
216 131
429 10
456 153
479 241
373 289
199 207
190 138
196 427
252 165
310 251
234 94
450 101
206 277
86 302
167 203
372 443
320 247
158 279
56 4
10 269
101 388
317 205
110 357
348 156
472 31
318 222
464 104
241 368
175 178
464 84
276 252
438 124
313 309
314 347
462 322
486 219
482 471
112 344
71 477
13 414
107 310
460 297
152 250
449 307
294 461
277 47
135 489
480 206
500 108
353 495
268 367
13 82
300 164
103 327
410 39
152 132
259 451
462 271
382 444
234 135
278 452
86 113
124 112
197 500
436 110
8 308
290 285
340 450
237 160
406 312
234 394
358 109
276 81
345 416
458 380
448 49
169 55
248 26
92 455
297 64
410 428
197 319
225 38
111 225
204 149
369 294
324 410
499 332
27 232
372 349
201 15
60 389
83 111
3 230
57 406
33 169
292 93
141 415
96 479
414 163
99 293
72 158
344 336
481 420
432 45
458 434
281 272
320 423
427 321
141 243
122 134
263 304
383 490
437 90
348 337
255 234
11 194
464 58
275 497
22 440
489 433
426 369
404 29
87 311
406 395
170 148
259 218
241 352
374 180
270 354
423 198
131 161
42 343
389 72
84 79
374 353
30 66
317 334
368 464
121 187
124 378
371 362
112 417
97 475
124 372
444 424
210 486
303 119
211 80
118 299
384 283
83 458
375 83
124 146
53 96
6 402
19 359
94 73
164 217
426 432
282 391
40 239
397 255
171 145
500
468 243
143 79
135 138
413 411
353 484
385 485
280 119
298 64
487 6
169 82
373 390
237 315
60 437
20 28
282 345
439 262
361 473
162 267
390 151
206 346
124 15
269 185
487 289
336 416
49 50
62 425
484 56
477 428
142 326
218 380
333 352
388 66
128 355
139 422
243 4
100 457
77 292
360 230
401 257
38 22
265 264
125 373
467 170
455 378
128 493
307 296
284 57
107 83
380 52
437 291
90 299
198 187
440 247
300 427
240 165
196 84
353 358
124 308
451 90
121 491
440 135
43 74
497 259
184 96
214 3
483 201
443 301
280 132
278 260
74 117
115 42
373 478
409 365
306 93
312 169
284 328
34 261
61 387
302 183
252 235
153 195
443 17
155 194
317 197
350 383
378 173
254 331
426 143
225 152
27 220
410 409
350 375
335 389
77 339
188 347
34 443
298 231
228 334
184 108
30 495
42 441
196 189
417 460
99 381
240 253
260 467
53 72
350 16
124 481
398 384
93 98
133 139
217 458
399 307
131 285
194 445
264 363
461 434
184 451
289 359
424 33
210 51
140 106
421 224
130 290
8 273
381 23
410 323
132 38
480 30
487 49
298 190
131 179
151 158
125 271
421 350
410 130
12 252
333 438
311 148
155 275
219 337
353 439
382 294
134 209
160 286
206 265
496 177
357 320
496 193
240 284
336 43
45 198
303 53
491 174
212 360
178 377
94 388
302 76
69 137
475 418
257 272
45 401
86 160
80 268
164 81
262 338
370 414
138 406
7 246
392 55
139 199
33 129
76 159
254 366
281 18
166 150
431 278
273 61
238 303
131 27
206 461
309 36
75 429
365 369
340 75
142 256
428 73
174 63
57 325
80 407
372 482
51 34
328 448
280 386
470 494
109 153
451 140
256 104
362 295
285 95
317 142
233 210
79 97
409 12
484 348
215 161
215 464
330 163
279 431
108 332
461 449
470 370
25 470
274 176
71 486
147 391
215 94
346 14
249 305
251 410
180 442
304 263
429 89
285 394
417 123
317 471
259 311
410 7
308 287
187 204
42 120
18 421
217 436
105 330
445 240
18 154
334 78
36 13
283 244
342 367
415 412
384 402
92 45
131 250
224 342
390 239
113 110
292 69
400 316
198 188
437 408
213 376
298 8
340 282
433 175
492 11
397 145
83 207
395 77
246 44
88 371
81 499
53 288
227 415
161 399
294 417
361 100
260 59
27 181
397 166
225 459
269 477
363 226
407 452
338 141
412 167
317 155
455 99
469 205
290 426
381 397
62 463
101 400
428 32
38 374
401 234
466 488
308 395
128 103
249 277
239 487
89 317
313 309
391 236
29 251
339 40
112 114
338 258
54 202
279 398
90 229
344 116
242 241
30 217
40 283
39 254
31 92
379 403
216 107
306 101
272 242
290 362
222 322
129 430
123 144
168 136
409 126
143 10
386 232
138 208
29 196
92 124
254 313
458 357
232 496
9 392
384 149
444 476
443 156
445 319
226 26
176 281
399 469
257 182
381 216
435 191
425 433
213 321
32 29
316 340
488 245
182 113
88 111
460 102
164 454
437 489
105 492
19 54
245 456
321 490
292 186
304 212
291 329
187 356
419 1
467 344
399 353
483 39
67 354
468 88
245 70
345 131
452 500
283 382
340 48
477 213
194 222
156 85
316 168
185 479
301 46
448 67
232 455
348 404
277 86
259 413
482 385
454 483
291 276
33 475
28 440
365 31
153 20
58 115
402 462
282 368
177 180
64 214
301 335
41 225
97 450
46 372
271 341
208 420
30 228
78 164
112 9
474 233
243 35
409 162
431 218
103 24
105 279
295 447
450 435
129 68
155 178
74 379
35 306
8 112
126 21
476 432
73 157
371 121
435 127
448 134
388 91
336 444
336 351
43 333
37 203
119 318
118 146
397 248
458 269
139 5
109 274
52 219
419 147
366 105
41 465
328 238
285 133
285 270
11 497
96 227
293 249
422 293
382 255
339 472
473 62
290 71
302 453
285 312
440 336
50 128
301 184
296 122
306 349
445 37
18 266
383 324
95 211
312 2
25 498
16 300
254 423
56 19
365 125
420 424
117 223
464 280
416 364
243 221
306 237
152 480
202 118
26 314
248 298
415 396
490 468
342 25
451 87
39 58
333 171
323 419
161 109
30 172
386 361
294 446
186 200
272 304
232 206
93 310
270 343
386 47
477 65
432 302
442 80
122 41
375 297
499 474
23 327
327 60
311 466
79 405
393 215
192 393
500
296 176
251 133
395 318
469 39
181 177
185 222
122 247
460 495
394 9
309 256
257 30
235 41
374 343
63 223
387 360
342 478
352 421
261 353
225 181
319 402
485 336
236 295
152 109
336 58
407 278
112 189
28 234
401 102
479 192
411 344
491 108
124 345
346 239
467 365
325 272
498 267
30 404
254 445
429 289
209 400
152 135
222 76
265 462
437 331
109 237
30 229
186 236
123 381
387 201
231 188
338 464
74 405
105 153
259 14
213 141
444 61
317 334
231 382
101 33
151 111
211 32
232 31
311 27
165 191
320 183
251 268
64 416
97 28
338 46
290 105
59 491
452 426
322 361
433 170
176 281
204 25
398 148
417 460
102 423
15 437
156 364
328 29
84 451
484 215
298 293
57 283
353 346
167 275
214 432
205 433
197 2
459 499
126 59
15 118
382 47
258 194
484 182
204 57
5 461
450 126
198 389
183 155
146 415
299 232
47 274
213 472
9 24
79 15
333 258
175 327
472 469
77 107
82 75
350 383
219 124
348 103
240 119
320 300
407 483
402 89
79 468
260 130
108 306
397 88
481 142
115 26
131 195
84 427
78 420
26 137
171 492
132 308
58 145
354 22
142 8
69 200
149 65
240 488
179 144
85 206
89 94
32 172
5 227
297 333
65 100
153 96
58 165
374 296
300 419
362 251
195 216
56 174
212 113
128 266
304 285
199 260
437 422
309 186
322 213
59 98
109 474
360 319
392 328
283 311
259 322
414 198
319 244
305 180
81 241
476 203
85 500
371 55
421 372
491 377
258 158
288 349
16 79
47 388
129 418
67 369
407 132
174 16
436 122
252 341
186 80
353 297
324 106
145 279
271 476
472 384
375 430
90 465
405 90
24 68
338 217
330 467
19 117
290 5
161 210
455 167
219 45
351 276
139 131
414 149
294 50
269 225
270 72
249 277
226 280
280 414
491 82
443 366
373 261
265 204
496 175
190 435
89 265
269 178
223 78
343 115
485 123
481 87
72 340
346 7
202 359
38 199
335 18
301 207
409 439
81 52
285 457
277 307
366 412
349 246
389 257
178 417
247 253
383 249
431 380
151 486
25 351
221 209
37 4
178 294
52 487
293 254
303 330
133 12
58 220
415 442
391 168
429 205
18 471
459 264
184 161
445 393
467 453
396 320
277 17
51 212
3 438
173 66
283 475
70 354
496 368
459 21
146 23
339 154
28 127
72 146
180 226
418 362
136 473
488 77
452 298
302 104
170 185
120 243
120 121
343 238
494 56
229 228
407 466
115 44
361 480
422 150
173 245
476 441
98 356
288 407
296 193
289 444
335 240
259 6
51 3
402 391
154 92
140 463
243 374
224 60
181 367
350 436
157 429
169 459
415 196
83 99
476 342
148 450
443 375
221 86
341 493
460 138
27 171
106 337
394 64
9 110
168 304
450 282
48 233
94 312
173 62
176 159
362 197
240 221
455 290
263 49
450 424
298 378
364 324
13 355
83 38
280 301
205 390
285 129
352 373
363 40
52 252
434 11
92 392
213 202
264 163
387 128
208 169
113 242
426 485
127 321
390 250
410 83
358 490
450 411
416 399
134 85
306 270
62 398
431 498
128 379
50 162
146 332
475 173
216 449
216 489
376 406
232 409
26 286
105 350
431 484
487 456
377 425
106 386
309 335
432 387
224 454
389 136
181 230
84 37
382 93
331 67
203 358
50 190
370 166
343 347
411 403
369 287
68 269
418 179
258 370
80 284
289 394
105 348
358 112
436 35
258 314
186 81
123 19
74 305
162 316
405 338
401 395
18 13
121 413
446 125
140 458
464 219
166 231
416 315
46 224
65 326
102 156
148 48
350 151
224 97
221 455
132 302
497 160
145 211
197 357
82 95
248 69
278 120
266 218
438 313
36 259
366 452
483 385
301 363
58 91
63 262
297 273
403 482
325 292
174 235
284 371
184 54
332 410
450 139
326 434
162 309
269 494
354 401
6 325
219 53
192 101
280 34
350 431
249 152
244 143
396 440
309 329
28 73
155 184
213 208
470 323
42 496
357 481
472 477
36 479
157 339
422 74
473 303
56 70
208 20
263 42
184 84
265 288
35 470
358 134
343 63
285 428
446 271
101 497
355 140
301 291
63 51
262 263
93 147
458 116
454 408
61 299
312 10
17 164
85 114
283 36
321 317
467 255
353 43
467 1
409 214
142 397
58 376
248 157
451 248
92 446
211 396
111 448
116 310
134 71
375 352
137 447
419 187
500
214 483
209 205
107 359
283 157
88 260
274 349
214 374
30 319
218 73
331 96
363 221
245 363
195 86
40 196
418 270
150 19
348 15
250 455
448 129
341 452
273 420
153 364
333 404
430 252
491 142
67 497
143 213
1 210
415 288
15 307
449 353
445 467
335 282
134 114
345 495
64 324
99 23
48 308
82 303
145 286
452 45
193 340
452 141
17 268
171 491
405 269
250 489
183 211
80 98
308 156
197 111
443 342
395 181
18 313
360 3
497 64
417 178
437 35
334 281
206 460
414 332
342 461
187 88
240 108
205 77
323 301
155 158
363 331
126 214
388 146
29 458
387 212
428 2
255 392
209 300
402 290
308 20
41 449
277 199
282 445
201 95
344 371
380 376
228 227
427 189
456 380
191 75
92 147
407 330
309 294
455 474
41 499
277 312
54 407
114 444
270 472
480 34
268 16
161 56
164 193
371 258
236 116
168 66
279 166
55 223
285 403
182 245
430 79
381 329
340 379
324 384
1 316
374 103
11 78
108 101
258 159
390 184
36 325
96 174
259 11
184 431
183 87
232 179
250 82
323 149
443 102
143 362
137 169
456 183
138 377
111 100
218 44
86 298
369 192
395 85
351 134
341 279
69 426
238 451
3 234
455 381
120 477
422 457
459 80
335 167
220 194
346 292
153 94
263 25
407 237
275 209
207 496
249 264
121 425
261 164
183 148
138 228
154 306
488 97
87 106
326 328
499 127
170 273
343 180
305 480
351 393
182 280
236 150
49 36
88 399
283 262
386 438
491 119
313 259
224 440
104 26
138 357
174 207
347 204
363 163
192 293
251 358
421 297
62 410
420 208
342 140
341 31
387 191
464 414
164 187
270 278
227 8
444 40
42 28
171 321
430 351
299 378
146 165
297 346
163 6
308 299
378 372
254 432
2 144
212 238
189 216
7 265
127 168
407 424
352 123
214 49
121 486
402 388
150 406
346 14
243 37
402 161
385 309
428 413
312 112
80 39
122 170
197 109
41 421
376 320
81 229
51 122
461 347
194 231
13 263
139 10
424 314
245 139
149 429
329 99
124 244
397 153
485 70
174 52
269 65
184 236
363 475
402 135
112 239
146 29
120 110
307 13
227 24
106 334
19 408
33 171
83 224
113 386
98 60
11 246
338 326
210 43
127 145
316 107
463 427
378 195
58 62
258 287
15 285
318 339
100 368
352 446
273 152
85 354
134 185
222 41
320 47
13 415
236 155
391 266
27 138
464 442
365 63
440 409
322 113
373 459
194 430
368 217
30 276
396 422
88 7
238 375
433 411
215 417
246 405
108 176
293 383
220 154
9 337
142 27
98 115
468 125
76 200
173 428
440 160
480 471
499 402
454 243
423 291
265 71
361 323
363 186
447 373
111 74
208 479
193 398
119 12
484 335
416 333
134 423
354 51
183 120
129 310
110 343
376 249
413 439
308 490
389 453
420 261
480 419
43 484
77 283
303 318
472 277
47 464
388 68
160 394
296 344
469 494
53 104
201 67
4 275
175 382
226 296
54 232
70 304
330 121
305 137
173 416
247 235
357 348
305 124
386 465
473 500
475 488
156 418
53 345
307 254
360 395
203 89
20 391
494 151
417 463
411 21
162 203
313 233
71 253
392 390
454 222
105 90
329 61
480 437
275 5
359 130
89 9
37 248
393 247
258 143
359 54
253 302
421 118
280 470
69 197
206 241
450 412
187 4
94 198
34 336
377 48
140 360
201 447
288 17
21 162
313 369
487 57
102 284
171 53
63 215
5 450
74 481
455 456
129 225
445 441
378 50
278 18
103 462
61 173
420 84
112 485
181 352
100 272
94 128
463 177
487 38
187 274
4 435
261 341
172 311
387 81
374 230
123 315
70 92
134 219
196 365
81 76
394 295
142 355
7 32
437 322
273 30
85 389
32 91
402 188
299 396
382 255
405 46
61 327
56 482
398 69
223 22
13 93
112 240
162 190
401 59
404 133
350 55
427 317
49 172
405 468
479 33
77 267
499 289
135 387
225 397
275 305
304 356
498 256
365 443
4 370
215 350
202 469
366 117
113 436
228 433
372 257
65 251
311 220
84 206
188 126
242 454
114 448
264 493
1 72
28 498
295 175
165 473
192 366
497 1
320 367
351 182
17 250
90 42
151 476
282 136
299 361
280 434
367 83
113 132
246 105
280 466
352 487
284 218
88 478
363 271
195 385
220 226
424 242
205 58
157 492
23 338
316 400
93 131
401 201
37 202
