50
76 68 3 7 21
9 81 37
5 7 13
80 8 32
96 74 18
45 46 5
70 74 5
34 13 1
26 2 4
60 81 4
22 10 1
44 58 1
75 91 1
39 28 10
75 99 1
86 97 4
63 43 1
1 30 1
68 99 2
66 56 9
52 99 7
84 52 4
75 3 -8 7 44
17 50 15
96 3 13
60 37 13
22 79 10
36 97 10
19 25 1
1 5 21
63 70 1
55 74 1
39 11 7
53 14 1
97 73 17
97 29 1
78 48 1
95 36 3
57 94 1
80 90 1
32 36 3
52 22 1
84 96 2
48 62 10
76 59 1
49 12 1
80 34 2
86 40 1
99 96 1
0 78 2
4 87 1
60 13 2
31 19 1
61 4 1
75 21 6
42 82 1
12 93 1
53 83 6
72 66 1
76 6 1
36 75 1
52 95 1
35 82 1
26 29 2
65 79 1
76 65 1
38 51 1
63 37 -1 7 33
22 89 5
66 84 19
27 2 28
93 56 5
71 0 9
2 31 8
37 77 8
1 74 16
3 97 5
88 95 1
73 49 7
35 52 2
57 39 1
99 26 11
51 29 1
38 97 7
58 34 1
51 37 1
13 47 6
92 7 1
91 74 1
13 32 1
32 42 6
42 32 1
65 42 1
24 51 2
85 11 1
64 25 7
98 9 1
4 46 1
89 47 1
17 60 1
72 59 1
22 63 6 9 29
18 43 4
97 95 33
7 55 1
21 98 9
50 3 13
56 34 15
96 1 6
95 34 2
53 88 9
78 44 1
73 65 2
35 48 4
62 74 3
97 46 6
74 12 8
25 69 3
11 24 12
8 62 1
34 91 3
3 86 10
44 76 3
1 49 1
9 51 1
56 58 2
83 5 1
88 56 1
15 0 4
35 79 1
41 44 1
57 82 1 -4 43
43 18 2
69 21 13
94 9 10
33 4 4
29 42 7
46 64 12
6 41 1
2 23 12
61 74 1
31 96 15
99 83 8
73 52 10
0 92 1
66 74 1
96 31 10
75 94 1
8 63 13
28 11 1
15 5 2
44 36 4
55 93 1
77 76 1
56 45 6
89 61 3
64 0 1
58 90 1
74 68 3
67 99 1
98 53 5
67 64 1
82 91 4
82 32 1
11 45 1
80 67 1
21 16 1
64 67 1
75 99 1
25 26 3
51 88 1
5 3 1
18 28 1
63 84 1
54 9 4
75 76 2 8 29
26 16 18
64 1 19
60 66 7
61 90 15
76 45 17
98 97 20
13 39 1
22 70 21
49 54 5
23 44 1
33 42 1
97 30 4
42 50 1
7 95 1
75 68 4
98 6 3
94 59 1
34 98 3
1 34 3
96 20 1
96 72 1
18 43 1
46 63 1
71 24 1
0 11 1
88 71 3
93 17 1
48 31 1
49 19 2
60 61 8 6 24
42 93 26
71 34 22
28 3 16
83 86 9
6 40 5
87 59 1
5 75 4
6 16 7
57 64 1
86 0 9
33 58 5
95 85 1
5 60 7
44 51 1
26 47 5
12 34 1
10 98 1
99 44 4
66 2 6
95 10 1
96 71 7
94 61 1
11 86 3
18 42 1
61 55 -8 1 31
28 79 20
47 3 14
90 68 23
28 30 5
0 6 22
54 44 11
78 24 2
96 10 10
75 3 1
45 26 1
5 40 10
38 46 1
29 49 4
59 64 2
74 40 7
76 96 4
68 30 2
61 59 1
87 27 1
16 49 2
23 40 1
25 11 1
68 23 1
19 38 1
59 85 3
6 98 1
89 99 6
66 8 2
46 30 1
35 35 1
92 31 3
82 40 -1 3 27
40 86 1
81 77 10
3 72 22
38 39 15
85 14 22
18 1 19
58 29 3
53 99 15
67 53 11
59 6 3
37 89 1
82 45 1
30 90 1
15 44 3
14 37 1
65 82 2
55 63 1
96 53 10
44 16 1
49 78 4
33 65 6
63 74 1
74 97 3
11 28 4
4 30 1
49 64 1
50 4 1
50 36 -10 -4 23
82 51 25
26 66 25
56 1 19
4 97 11
93 98 17
11 21 1
36 99 7
4 15 4
65 96 8
60 28 1
40 23 3
14 6 1
42 43 1
0 7 1
6 32 5
82 9 2
95 1 11
64 24 1
51 32 1
30 35 1
19 11 1
57 84 1
87 19 5
62 5 -10 -7 32
56 98 15
93 23 25
3 28 17
48 72 7
47 55 1
20 78 7
39 41 3
13 58 10
44 24 12
76 67 12
32 89 7
61 55 1
1 98 14
40 63 1
99 82 7
77 88 2
23 44 1
58 0 4
60 30 1
86 92 3
99 66 1
60 61 1
40 1 5
25 6 7
70 3 2
61 39 1
95 98 4
53 49 1
18 89 1
46 40 1
63 27 1
45 44 1
91 46 -2 5 26
94 82 19
60 36 2
45 69 26
0 99 4
98 24 15
28 9 13
18 33 3
12 82 7
54 17 7
9 62 2
73 27 5
3 6 6
1 88 2
13 2 1
13 51 6
4 69 1
72 44 1
97 55 3
73 0 11
9 40 1
30 36 5
0 74 2
24 99 2
76 98 1
61 25 1
58 99 1
54 51 -9 -1 26
82 99 19
40 4 14
24 58 17
96 9 20
90 47 15
64 66 14
91 73 1
1 83 7
13 12 11
68 25 10
32 35 4
48 86 1
34 95 5
22 29 4
28 80 1
61 6 3
43 45 3
11 91 1
4 99 3
1 4 1
9 31 1
20 86 5
72 42 1
29 28 1
51 83 1
40 38 1
30 75 9 0 31
81 4 1
88 70 9
11 5 21
82 96 10
64 42 8
95 31 8
3 52 14
48 69 8
57 94 11
6 85 5
17 75 1
30 93 11
52 24 1
58 8 1
51 32 1
79 49 1
22 42 5
46 5 2
80 38 3
68 24 6
98 60 2
71 79 3
87 6 3
37 30 11
65 69 1
53 12 2
51 53 1
99 96 1
40 56 3
10 31 1
52 46 1
47 47 5 -10 32
47 70 20
2 12 27
54 1 17
85 44 3
2 63 8
85 61 1
74 94 12
7 83 1
58 26 6
20 57 7
89 23 5
49 33 1
48 96 3
70 55 5
95 71 6
84 66 1
85 36 1
70 35 6
96 51 8
76 47 1
14 77 3
30 43 5
93 97 3
30 26 1
85 53 1
36 33 1
31 96 4
87 6 5
57 35 1
96 13 2
19 96 5
21 74 2
49 65 4 -1 32
3 47 1
62 22 27
49 77 8
86 72 15
15 69 6
38 56 3
99 44 6
4 37 7
90 6 1
36 88 1
8 20 3
30 62 1
26 6 3
65 90 10
94 12 4
28 27 2
4 98 13
6 12 3
6 1 1
16 25 1
21 26 1
11 80 1
27 89 1
94 90 1
0 59 4
97 32 2
23 41 5
17 7 2
79 54 1
26 69 1
96 97 1
15 49 1
72 60 8 -3 27
92 75 15
20 90 10
63 91 6
82 6 28
7 93 1
97 49 7
1 55 25
44 54 1
74 89 1
72 53 3
80 45 6
0 13 12
48 33 7
61 66 8
33 61 2
32 31 7
41 94 1
34 84 1
39 52 1
29 9 6
44 82 4
74 96 1
6 88 1
99 34 1
72 71 1
45 10 3
51 8 1
30 86 7 1 33
26 84 1
89 28 15
43 75 5
80 81 16
21 10 14
12 40 13
0 51 1
80 2 1
52 13 10
58 98 9
15 96 4
90 58 6
40 47 1
66 27 1
53 55 4
34 55 3
98 49 1
44 52 3
16 70 14
76 54 1
66 16 1
48 30 2
65 20 1
24 89 1
99 10 3
75 44 2
87 7 1
99 64 2
24 98 3
38 62 2
73 38 1
34 45 1
62 44 4
81 35 3 -10 34
62 30 5
63 80 3
26 23 21
93 66 8
10 54 8
59 99 14
90 16 8
5 82 9
0 66 1
88 95 13
57 72 1
61 17 1
89 43 2
74 10 1
98 51 5
78 56 3
94 30 1
33 71 4
29 50 1
43 81 1
67 15 1
62 53 1
39 52 6
26 92 12
54 1 7
54 61 4
12 99 1
98 80 3
40 72 1
74 61 1
21 55 1
78 42 4
84 58 1
10 0 1
34 59 5 -10 20
58 16 1
88 50 1
9 48 24
31 4 15
83 0 22
96 90 12
50 35 10
95 26 4
46 83 9
76 91 4
85 33 6
19 98 17
69 74 9
43 59 5
29 79 1
69 50 8
85 73 3
0 12 11
13 76 1
95 62 1
59 26 -5 -7 38
19 35 15
94 86 13
5 75 14
42 78 4
94 2 10
1 2 19
43 19 1
75 45 7
67 2 2
42 6 9
50 91 5
27 95 7
79 25 10
42 65 1
64 92 1
65 52 1
65 72 1
30 62 9
46 47 3
96 27 1
5 96 3
97 49 4
95 66 1
76 59 4
48 17 1
47 27 1
82 11 1
25 4 1
91 58 1
0 42 2
62 22 1
90 48 1
8 58 1
48 35 1
41 32 4
69 69 1
85 57 1
77 10 1
41 67 1 -9 30
39 42 11
65 82 15
13 67 16
50 18 3
8 24 19
90 83 4
88 0 22
91 61 10
3 91 6
58 38 1
44 93 3
41 78 3
29 84 1
93 25 1
70 37 1
46 0 11
66 20 3
13 97 1
22 91 1
64 50 4
13 47 1
84 49 1
34 58 1
1 3 1
37 20 7
86 35 8
56 98 1
50 65 1
37 84 1
64 63 1
80 93 3 -10 31
16 20 16
98 21 15
97 98 11
59 39 13
34 13 1
35 61 15
3 79 3
60 12 9
42 30 1
2 62 12
76 4 1
36 93 15
97 62 22
47 14 1
70 80 1
88 1 1
39 16 1
62 98 5
1 95 4
67 66 1
14 92 2
77 92 1
16 46 1
62 82 1
33 1 1
45 2 3
31 42 1
15 98 2
40 41 2
61 75 1
53 78 2
47 37 7 2 39
1 56 15
57 60 14
25 14 15
64 35 2
3 0 7
90 44 11
6 99 2
52 97 18
52 1 1
66 42 1
91 0 17
38 49 1
94 87 13
99 65 4
22 80 1
1 98 1
74 90 1
71 18 6
27 44 1
19 57 1
1 75 1
47 13 1
10 85 7
35 80 1
10 31 1
33 41 1
77 85 1
18 73 5
53 9 1
58 35 1
23 51 3
26 64 5
4 23 1
78 93 1
74 76 1
71 33 3
62 10 4
90 69 2
63 25 1
40 10 -6 -3 41
49 76 5
2 37 15
60 68 4
90 55 15
90 24 4
12 74 6
36 35 1
75 84 9
26 17 2
37 21 1
58 49 10
95 8 2
9 98 15
86 96 2
52 24 1
61 13 9
30 2 7
5 1 14
70 59 1
79 7 1
36 60 2
71 65 1
38 93 7
23 73 1
77 41 1
29 80 4
42 31 1
78 18 4
36 28 3
93 83 6
42 48 4
62 99 8
38 54 1
82 0 4
13 62 3
94 93 1
27 37 5
52 61 1
23 50 6
27 69 1
87 15 1
62 67 7 -1 42
99 26 12
52 16 15
4 54 17
76 97 11
49 74 9
97 64 16
26 52 1
4 23 8
24 88 17
29 28 5
54 47 5
64 43 1
12 11 1
2 2 6
95 91 2
73 61 1
35 1 4
85 9 1
53 95 1
97 6 4
87 43 2
72 48 2
72 71 1
46 59 1
41 63 1
64 36 3
24 21 1
15 2 1
65 54 5
69 27 1
44 48 1
44 93 1
74 0 10
83 20 1
1 97 2
52 55 1
5 78 2
28 19 1
54 99 1
67 72 1
26 39 2
44 40 1
45 18 4 1 34
41 76 1
49 96 14
92 34 29
5 39 4
55 0 8
60 66 14
1 5 28
21 75 5
30 52 14
0 78 7
55 23 1
47 38 6
3 63 4
38 11 6
7 49 1
84 85 8
99 81 1
14 84 1
18 93 1
98 0 1
96 70 1
74 97 1
39 82 1
34 20 1
63 10 1
79 70 1
27 29 3
40 25 1
14 62 1
75 76 1
3 99 1
26 91 1
33 24 1
95 80 1
3 69 2 9 37
20 2 9
66 26 24
54 75 21
16 68 8
93 31 1
16 26 1
90 90 11
11 37 3
81 59 1
20 97 12
28 19 6
0 91 1
18 20 1
84 0 1
26 45 3
38 48 6
24 58 1
35 34 1
4 19 4
7 45 2
99 5 5
42 39 1
5 80 1
89 54 5
36 59 1
94 74 1
18 81 1
28 83 2
49 3 1
2 57 3
97 33 1
32 41 1
23 80 1
79 80 1
96 41 2
4 35 2
97 71 1
39 63 -7 6 28
66 3 9
23 34 26
59 75 21
92 19 1
75 34 13
98 83 12
9 90 1
56 27 3
22 72 4
82 12 5
20 97 6
32 94 4
98 52 9
1 14 1
31 2 2
33 78 3
3 98 4
36 4 1
89 68 1
85 3 2
93 28 1
1 85 1
18 3 2
99 3 6
1 60 5
52 15 1
66 51 1
13 62 1
18 19 9 -7 30
43 17 16
67 98 29
68 1 10
31 93 3
15 62 18
66 25 1
86 51 11
4 95 11
53 46 9
0 26 12
2 3 1
28 41 3
71 38 1
77 31 6
91 26 1
24 5 2
13 6 7
94 8 13
40 65 4
92 73 1
99 77 1
98 62 1
83 23 1
70 44 1
95 35 1
36 47 2
74 64 1
18 28 4
59 35 1
58 64 1
27 39 1 -4 30
62 28 8
57 89 27
91 36 10
49 52 1
16 93 1
61 52 1
93 1 21
35 40 1
2 15 13
29 10 1
18 25 2
7 59 24
13 32 1
20 4 4
31 23 8
61 4 9
43 50 2
99 81 1
41 6 7
87 56 3
28 42 1
1 93 1
86 68 3
26 82 1
80 44 1
46 30 1
50 38 3
44 57 1
72 55 7
4 99 1
90 42 -9 -6 38
59 95 13
91 68 1
74 37 1
95 31 6
0 51 15
13 95 6
63 56 12
66 6 10
35 6 1
45 20 10
25 30 9
83 26 3
76 90 1
44 57 1
77 99 1
0 1 5
88 77 6
39 80 6
37 92 1
93 94 8
32 54 1
63 34 1
57 26 1
95 10 5
21 7 11
99 75 3
7 15 3
13 78 1
24 91 1
36 57 1
42 33 1
38 64 4
77 13 1
88 62 2
23 58 1
84 51 1
19 81 1
98 56 1
30 72 4 9 20
56 43 3
13 39 32
83 45 12
16 95 12
82 89 16
29 2 5
73 14 12
51 84 6
62 69 7
52 21 8
95 1 1
93 66 1
88 4 1
59 89 1
81 66 2
57 2 3
42 1 5
39 94 2
68 34 3
72 60 1
89 54 3 -10 36
75 25 11
27 52 25
96 92 19
61 92 2
50 9 11
66 87 1
70 61 2
39 0 1
50 93 7
61 36 1
31 13 4
20 91 11
83 2 8
50 76 1
58 23 3
2 27 7
62 32 1
7 8 5
18 11 1
0 96 1
87 60 1
36 24 1
99 42 13
95 20 1
68 43 1
90 68 1
2 1 1
99 60 2
78 50 5
18 20 5
62 48 4
56 67 2
54 61 1
34 20 1
1 41 1
49 83 1
50 91 -2 1 20
97 37 3
9 93 21
53 25 28
86 95 28
43 78 6
91 23 5
12 24 11
40 97 6
27 63 8
98 4 11
64 66 1
78 58 7
17 68 1
1 42 3
20 7 4
0 13 1
38 88 1
22 38 1
13 56 1
99 28 1
77 53 7 0 26
15 36 23
57 73 24
68 11 11
96 60 13
94 11 6
76 38 3
90 86 8
82 22 1
51 35 11
42 4 7
24 99 10
4 86 1
14 2 3
96 32 12
8 98 4
34 15 1
7 72 11
21 9 1
26 70 5
51 13 1
10 87 1
36 92 1
77 30 3
19 83 1
21 78 2
70 30 1
85 98 7 -9 28
3 74 5
46 6 13
61 89 14
2 18 20
44 39 9
58 56 11
77 43 5
21 93 9
81 18 6
33 65 13
15 50 6
62 37 4
27 30 1
95 46 1
77 72 7
11 81 1
59 29 1
3 58 1
95 29 9
13 76 1
75 3 1
78 97 1
78 27 1
16 37 1
33 27 1
90 75 1
97 95 9
64 72 1
43 75 -7 -2 26
71 2 24
9 92 1
59 60 19
94 32 7
12 8 24
1 57 19
84 99 15
34 38 6
91 57 4
62 82 1
97 15 3
76 31 1
25 82 11
32 55 2
44 27 5
49 19 1
33 29 1
56 94 1
91 47 1
46 99 8
20 34 1
55 30 2
38 89 1
94 76 7
69 80 1
44 14 3
77 74 -2 -7 45
6 44 20
94 23 10
84 67 1
29 64 7
34 96 23
98 53 7
55 11 3
13 9 8
67 47 10
76 99 9
50 70 5
80 16 1
33 48 1
83 8 1
79 12 1
41 13 2
44 58 4
77 82 1
45 39 1
30 18 1
42 24 1
82 49 1
96 81 1
29 28 3
60 26 3
35 8 1
54 56 1
68 10 5
58 82 1
74 79 1
98 86 1
34 40 1
2 77 1
94 95 4
24 8 1
51 31 1
78 56 2
94 37 1
66 79 1
87 41 1
92 0 5
63 63 1
78 0 6
8 94 1
56 32 1
20 13 -5 -10 21
79 65 13
9 29 15
12 77 20
62 5 15
59 85 12
91 26 15
38 80 3
41 66 1
16 6 1
58 44 14
29 22 1
24 44 3
50 23 1
2 46 1
38 14 7
96 56 1
2 12 1
81 92 7
32 52 3
33 33 1
68 24 1
28 48 0 -4 38
52 62 2
76 28 18
20 32 12
44 34 1
34 25 1
16 89 4
93 99 16
78 68 5
42 85 15
65 99 7
15 61 15
13 5 1
90 80 1
99 19 3
50 17 5
33 9 9
89 45 1
47 29 1
55 51 3
95 0 12
4 40 1
1 0 4
47 6 1
3 94 2
52 29 1
73 4 1
61 0 1
52 9 1
48 55 3
94 54 7
79 76 1
36 66 1
37 42 5
4 21 1
75 83 4
99 27 1
97 73 3
25 93 1
49 38 2 -1 27
53 90 10
5 23 32
94 89 12
3 77 20
93 56 1
73 8 11
67 53 13
97 25 11
97 42 1
96 52 1
54 31 6
45 56 4
48 5 8
50 19 1
37 71 8
29 58 1
73 78 8
26 76 1
36 82 1
27 91 1
44 44 1
79 35 2
87 64 1
25 95 1
43 28 1
95 47 2
56 70 2
81 48 9 3 27
28 48 18
34 86 15
98 56 16
66 66 15
80 2 12
1 11 23
48 16 15
83 29 1
86 95 14
79 24 1
57 96 1
67 39 1
70 25 2
87 32 1
72 16 2
7 74 7
97 1 3
10 95 1
65 98 1
53 47 3
1 41 1
4 89 1
0 53 5
97 30 1
77 38 7
88 22 4
97 13 1
42 94 3 -1 38
37 86 5
22 27 13
52 60 15
93 48 10
69 89 9
64 16 13
4 92 9
12 0 3
39 5 3
96 76 4
93 2 15
91 65 5
64 36 1
22 50 5
2 29 2
8 62 1
87 99 8
30 93 1
78 65 4
40 13 2
13 74 2
23 5 1
32 42 1
87 83 2
28 60 1
73 57 1
97 88 1
52 2 1
50 81 3
21 86 1
32 5 1
51 97 5
60 42 2
29 99 1
9 42 3
43 28 1
75 29 2
9 13 4
20 65 3 5 39
64 68 14
2 53 12
35 8 15
95 70 15
24 58 1
35 47 12
97 26 7
82 32 1
88 8 1
97 97 8
44 76 1
6 5 12
19 89 1
38 94 6
85 54 1
56 21 3
76 4 9
43 61 1
74 44 1
51 39 1
15 37 5
81 24 4
3 31 3
30 29 1
86 37 1
15 69 1
68 92 2
69 43 1
6 86 1
11 22 1
79 95 4
53 45 3
90 3 1
24 23 1
66 11 1
56 51 1
0 78 6
36 69 7
24 73 1
45 37 0 -6 36
72 73 14
4 77 22
94 97 7
69 18 20
64 93 3
26 44 12
20 24 2
21 96 1
4 7 11
58 84 1
57 54 1
2 49 1
26 9 7
30 76 1
62 46 1
62 52 1
3 44 2
99 26 4
53 73 1
97 61 9
47 87 7
83 42 3
46 68 4
29 25 3
31 91 5
14 26 1
77 98 8
75 54 1
45 15 1
1 23 3
44 4 3
97 80 1
45 46 1
91 75 3
77 48 1
36 79 1
42 31 9 1 29
13 4 1
27 33 12
63 79 18
52 4 15
94 54 4
5 80 30
53 35 5
17 12 3
76 20 8
9 33 1
88 35 8
52 51 2
96 80 8
77 54 7
72 43 1
52 24 1
87 63 1
31 16 1
93 8 10
3 21 7
75 1 4
42 99 7
39 68 3
43 25 1
37 53 3
67 53 1
1 44 1
24 17 2
17 48 2
38 77 -2 1 28
80 68 21
43 15 30
7 48 11
0 2 1
15 92 13
99 15 7
29 55 2
20 58 1
11 63 1
11 70 1
37 68 6
78 44 1
89 32 3
79 99 8
47 92 12
69 39 1
5 2 1
5 25 7
27 75 4
50 58 2
17 61 1
49 53 1
51 72 1
38 51 4
88 41 1
5 75 1
71 44 1
63 48 1
32 47 3 -6 37
21 62 4
32 18 7
78 35 11
79 59 9
80 0 19
56 69 14
41 99 10
1 14 4
67 88 1
11 66 1
99 75 4
14 0 2
44 8 2
99 53 6
58 16 1
3 41 11
46 22 1
17 88 14
0 4 3
44 48 1
0 63 7
61 24 2
26 57 1
43 58 1
79 96 8
61 96 1
34 59 4
32 5 1
17 24 7
96 90 1
19 9 3
81 81 3
56 33 1
20 46 1
99 19 1
67 23 1
99 25 1
37 56 -1 4 38
53 48 14
45 89 3
87 45 17
66 29 1
9 64 17
87 82 14
6 18 5
22 22 1
19 1 6
83 7 11
50 28 2
22 36 5
36 29 8
34 10 6
46 65 1
0 97 1
26 82 1
55 88 1
41 97 3
31 56 1
6 41 3
8 99 1
17 21 1
23 79 1
50 82 1
54 12 5
44 15 1
58 79 1
64 10 2
8 32 1
67 17 1
61 97 3
23 86 1
35 71 7
61 70 4
54 66 1
97 21 6
25 99 6
