50
10 1
382 722 567 358 190 330 811 13 331 441
10 6
25 172 660 142 172 123 93 682 11 182
10 1
826 315 64 986 851 505 474 993 517 640
10 7
149 356 378 353 590 782 753 673 720 460
10 6
348 383 730 601 179 894 71 730 255 264
90 6
804 448 915 237 6 133 912 979 604 835 374 482 687 659 89 594 98 921 385 654 136 954 109 240 148 769 288 876 112 803 578 684 428 922 446 474 597 45 917 54 618 964 305 37 222 917 371 143 851 672 812 659 212 17 814 720 440 349 795 682 307 347 631 850 941 492 202 693 527 285 26 942 820 397 932 707 453 73 696 328 719 926 486 197 422 637 696 287 518 227
22 5
34 409 561 113 262 129 455 481 110 982 70 223 306 10 544 374 730 307 617 719 53 345
18 2
488 283 881 821 982 181 98 568 294 852 303 339 70 569 69 657 480 34
55 3
491 250 642 294 435 812 783 959 620 694 965 12 517 46 774 595 927 598 83 489 283 666 622 491 922 787 105 779 247 296 364 755 166 496 998 843 446 395 927 196 536 49 919 240 474 696 641 692 765 759 29 706 460 48 547
73 4
222 822 79 768 590 679 693 556 227 833 877 365 826 365 42 781 485 145 529 663 189 531 499 655 257 556 375 998 24 422 843 772 822 465 214 573 477 422 178 352 528 600 944 43 820 459 714 415 202 232 70 890 5 220 504 787 789 239 246 898 599 847 396 557 934 362 1000 48 268 234 336 788 189
11 5
966 668 889 690 268 326 182 227 499 909 804
86 7
954 336 535 844 555 954 132 209 782 214 782 967 682 497 674 599 369 815 173 794 908 213 835 674 645 266 878 604 911 824 852 730 371 636 322 266 337 364 844 322 706 845 410 879 396 748 198 106 312 529 464 109 382 36 651 956 575 64 104 408 644 348 75 110 380 534 448 982 349 4 528 142 797 776 856 180 211 957 472 642 423 590 904 875 247 691
62 8
640 152 551 386 746 646 617 481 645 801 914 591 670 130 437 343 821 933 213 257 797 676 27 107 578 222 982 687 430 507 210 351 701 143 285 649 296 480 750 397 269 697 425 135 430 353 337 618 724 218 361 180 273 571 498 67 740 177 864 249 180 685
83 3
146 344 195 680 556 14 965 862 874 210 15 818 566 683 881 959 695 455 604 957 231 234 70 335 200 497 619 640 699 360 417 246 279 431 687 982 642 174 125 844 481 729 167 661 845 455 664 800 852 193 194 490 19 706 220 174 198 380 767 784 265 473 724 700 799 817 766 467 200 561 159 643 284 105 563 875 206 885 144 769 219 141 744
5 7
550 714 34 549 791
27 3
731 749 625 7 119 388 245 307 623 859 507 385 380 406 28 934 423 954 395 614 849 1000 993 558 451 550 346
85 5
992 592 918 526 520 430 137 378 970 171 709 802 396 518 165 906 329 390 871 160 820 394 794 331 447 51 557 82 427 990 447 363 727 121 390 271 507 261 916 242 498 895 760 580 238 485 884 677 387 363 969 730 150 760 676 46 709 660 146 710 864 840 558 633 297 241 869 50 674 602 685 507 323 495 471 618 315 434 818 204 844 409 957 463 60
50 4
622 495 894 395 93 751 213 298 178 307 423 347 913 23 601 411 286 527 338 208 728 590 651 279 187 199 522 146 80 692 257 12 399 952 102 735 415 853 705 448 633 10 674 848 683 401 731 513 36 301
70 9
245 53 240 414 441 108 326 589 935 431 918 726 859 244 110 333 202 330 701 189 731 251 717 935 708 423 748 738 247 259 793 265 231 679 357 40 472 29 43 808 574 571 274 785 384 420 196 358 157 340 244 165 840 855 394 633 339 899 990 202 376 302 143 826 834 128 877 83 956 712
86 9
182 63 132 760 905 57 79 802 966 679 577 554 389 478 905 212 448 440 917 374 918 435 325 940 505 773 214 928 994 488 481 522 856 178 852 47 332 439 223 602 360 158 880 170 380 615 919 41 144 439 600 661 314 951 868 130 361 775 481 44 403 671 397 270 243 490 944 951 360 122 835 382 917 800 919 18 489 82 723 112 97 168 688 161 281 395
8 10
938 229 812 313 463 135 972 538
35 9
850 428 408 302 569 540 68 867 761 208 688 393 715 372 354 373 208 181 208 812 935 891 911 926 966 4 606 64 319 108 691 298 812 532 240
1 5
80
65 4
249 653 661 522 419 35 934 804 596 511 757 128 385 177 845 394 197 766 427 343 187 711 884 377 559 981 588 624 198 50 31 46 745 75 621 483 374 118 50 428 931 153 18 243 879 855 300 127 963 851 542 742 855 902 288 734 355 428 446 114 586 728 156 274 367
95 3
276 871 50 790 292 498 785 586 581 79 733 405 826 977 424 107 627 587 157 642 543 15 284 650 321 763 674 384 985 35 631 60 531 297 949 347 933 809 216 645 377 816 620 189 470 328 933 679 215 18 425 332 109 260 734 591 74 744 380 160 246 856 325 213 700 401 135 497 306 846 387 480 275 604 648 172 150 624 277 62 50 437 113 966 383 30 269 438 668 581 418 165 318 482 619
31 6
985 898 625 147 530 442 50 491 584 926 408 528 598 563 550 717 806 828 435 305 41 829 917 789 116 829 845 276 950 121 518
28 3
289 18 222 417 149 967 583 509 85 919 106 472 166 907 279 611 540 94 539 181 473 871 331 963 45 404 589 574
36 3
458 225 588 667 237 301 848 209 260 263 917 115 290 136 29 151 465 827 657 675 224 478 909 405 134 964 960 731 747 664 994 281 456 362 143 408
45 5
580 122 135 394 559 900 485 616 152 474 381 659 501 867 56 101 782 507 95 543 756 17 598 722 830 354 39 838 450 823 620 594 544 335 258 354 106 110 101 538 905 131 167 347 707
100 7
703 837 822 44 763 498 253 762 81 249 153 705 490 177 575 229 939 855 396 792 397 232 843 581 4 665 76 398 260 999 208 988 511 690 805 344 727 422 491 937 964 32 235 728 237 137 904 234 489 298 694 887 698 793 957 695 490 139 954 236 419 557 683 984 649 366 18 341 852 603 174 639 931 327 843 599 704 764 283 686 455 348 427 457 646 745 855 519 380 876 24 477 766 338 470 266 231 843 709 680
68 5
854 815 660 14 365 866 164 703 343 515 440 388 595 88 893 201 141 624 383 826 195 194 766 941 55 330 494 689 184 837 284 387 393 97 767 439 728 310 830 125 80 517 807 131 242 785 462 961 885 41 18 477 939 690 371 897 367 599 488 86 641 696 457 319 510 207 545 708
48 4
91 895 476 875 221 606 703 107 319 848 364 504 61 724 188 514 426 3 220 153 546 489 643 669 382 697 165 26 65 997 996 319 428 729 938 322 463 619 132 293 367 421 417 935 756 53 449 136
99 1
393 410 521 447 394 602 922 742 68 864 751 660 96 695 667 81 250 510 432 222 578 367 135 923 69 55 564 980 482 589 964 710 218 99 579 396 377 447 165 730 402 809 174 797 876 109 290 196 553 299 199 124 906 199 63 882 42 975 794 86 510 925 588 219 97 174 416 482 612 723 1000 857 543 501 847 417 307 547 954 866 404 240 768 582 615 12 370 710 364 901 676 563 843 228 202 524 437 343 266
85 6
193 114 612 174 480 606 804 899 686 453 752 850 350 292 167 989 165 316 672 703 627 613 74 181 428 118 79 492 456 697 51 481 763 471 975 569 506 543 97 674 697 207 357 639 544 985 34 339 504 988 461 913 214 97 961 200 104 96 179 893 385 122 538 319 719 798 735 175 49 974 534 607 987 986 988 680 307 370 320 96 233 147 986 926 757
34 2
435 148 426 724 101 391 965 884 416 399 547 821 174 825 98 974 525 271 423 753 496 218 468 763 121 42 383 474 511 225 197 670 562 511
77 8
937 711 469 166 199 532 317 30 824 351 935 186 283 754 496 67 147 730 210 323 9 841 967 680 183 33 735 576 184 594 771 485 805 46 167 866 992 466 875 400 291 457 97 100 488 108 799 124 982 984 866 151 637 587 175 676 272 694 803 931 413 770 158 594 954 461 106 276 789 131 301 657 482 211 343 983 42
32 9
401 169 32 136 23 750 528 171 890 459 108 92 775 824 621 186 514 747 698 326 712 476 853 555 508 820 315 715 19 298 137 9
31 9
344 280 685 399 951 620 319 253 206 716 376 439 70 33 665 629 971 463 872 275 924 900 955 441 698 543 214 582 97 269 95
14 5
200 787 154 442 206 319 888 714 799 286 229 520 645 886
1 5
700
10 9
711 638 583 917 914 723 491 520 311 910
29 1
787 615 622 643 166 728 315 260 283 340 605 106 293 765 214 673 439 291 201 772 270 464 119 766 531 171 236 861 338
27 1
399 723 52 876 55 63 168 179 256 114 546 69 439 644 247 795 507 185 310 932 381 340 642 515 417 531 580
58 10
573 773 301 328 351 648 420 72 390 158 10 357 989 134 327 836 697 69 486 141 504 169 603 6 249 512 339 525 320 727 645 141 744 398 340 948 604 920 206 261 120 22 201 611 186 710 400 688 729 157 924 58 932 387 652 561 737 271
72 3
593 754 354 705 165 403 735 435 841 952 422 836 971 752 736 667 14 301 506 765 742 151 609 381 456 408 643 782 160 53 153 791 112 518 550 125 617 702 321 53 140 878 941 574 825 589 165 224 980 505 887 830 875 269 641 768 832 433 933 394 676 249 639 553 498 121 887 351 336 309 685 934
95 7
787 3 575 750 197 593 652 377 606 686 892 593 697 690 824 142 850 212 415 446 89 679 295 984 929 453 551 578 547 124 427 2 54 340 43 214 897 779 121 748 722 719 940 849 952 203 378 506 902 205 48 997 49 245 70 791 572 637 362 326 5 752 284 520 635 794 465 164 152 52 174 879 8 944 951 640 260 761 191 213 607 162 750 698 426 182 671 435 433 876 254 593 133 102 813
100 6
295 254 996 826 634 873 165 715 900 528 243 72 631 643 198 436 671 571 922 376 464 502 264 517 72 150 367 129 251 85 797 675 263 276 935 707 443 564 819 235 494 985 380 121 948 735 716 892 991 772 94 343 837 817 195 842 219 424 381 385 773 984 613 896 562 665 571 903 517 719 472 269 721 651 554 172 522 78 294 879 327 132 168 823 414 729 903 357 357 35 132 407 819 983 998 526 552 953 443 653
100 7
66 757 784 510 260 964 108 669 360 620 565 936 401 666 34 940 53 157 603 26 767 905 301 242 546 92 982 211 207 698 525 332 118 719 59 969 466 142 96 144 600 205 61 831 172 379 881 555 27 558 834 799 701 860 534 688 604 371 722 983 329 72 946 561 373 377 706 606 975 657 510 601 243 852 758 769 565 328 23 200 782 752 404 458 819 585 825 937 29 722 898 444 13 345 882 853 252 155 66 917
100 10
293 685 533 888 391 542 869 721 976 614 625 820 872 506 656 959 403 309 495 475 304 48 410 956 618 755 178 235 23 891 505 955 96 601 7 989 138 750 349 323 269 349 13 422 761 946 88 725 567 140 182 269 247 997 203 368 625 53 777 554 101 378 523 736 396 798 13 634 751 986 634 416 994 919 342 730 308 784 840 224 733 168 429 571 267 387 592 737 675 985 390 881 872 92 499 814 794 733 886 41
100 1
228 511 803 645 523 479 380 501 661 565 577 261 937 283 3 774 897 54 264 526 284 459 684 306 555 50 750 606 543 854 352 660 867 924 383 185 596 546 434 452 589 596 674 426 868 883 314 545 744 866 603 561 305 57 711 999 871 461 969 255 39 59 316 354 477 491 788 304 500 445 631 891 9 103 927 590 319 381 584 663 713 522 750 331 715 706 775 871 122 73 314 384 464 547 51 272 412 135 26 580
