50
8
3 8 6 2
1 3
2 7 5
2 4 1
7
2 7 3
2 6 5
3 4 2 1
0 
3
0 
2 3 2
0 
1 1
1
1 1
0 
0 
0 
5
0 
1 5
3 3 2 1
1 4
5
4 5 3 2 1
0 
1 4
0 
3
1 1
1 3
0 
1 2
12
3 6 5 1
3 10 8 2
2 9 7
4 12 11 4 3
5
0 
3 3 2 1
1 4
1 5
11
3 11 3 1
4 10 9 8 2
0 
4 7 6 5 4
3
1 1
0 
1 3
1 2
7
3 6 3 1
1 7
0 
3 5 4 2
3
0 
2 3 2
0 
1 1
9
2 4 1
2 9 5
3 8 6 2
2 7 3
2
0 
1 1
1 2
0 
11
2 11 4
4 10 8 6 3
3 7 2 1
2 9 5
5
1 5
0 
3 4 2 1
1 3
4
2 4 1
1 3
1 2
0 
8
3 7 6 5
4 8 4 3 2
1 1
0 
4
0 
2 3 2
2 4 1
0 
1
1 1
0 
0 
0 
5
1 2
1 4
1 3
2 5 1
3
1 2
0 
0 
2 3 1
7
1 2
2 7 4
1 5
3 6 3 1
4
0 
3 4 3 1
0 
1 2
2
1 2
0 
1 1
0 
2
1 2
0 
0 
1 1
11
5 11 10 8 5 1
3 6 3 2
2 7 4
1 9
11
5 11 10 9 2 1
4 8 5 4 3
1 6
1 7
1
0 
1 1
0 
0 
9
5 9 5 4 2 1
3 8 7 6
1 3
0 
3
1 1
0 
1 2
1 3
12
2 11 7
4 9 6 3 1
2 8 2
4 12 10 5 4
2
1 1
1 2
0 
0 
5
1 1
2 4 2
1 3
1 5
1
1 1
0 
0 
0 
1
1 1
0 
0 
0 
3
2 2 1
0 
1 3
0 
8
3 6 4 2
4 8 7 5 1
1 3
0 
2
0 
1 2
0 
1 1
8
0 
3 5 3 1
4 8 7 6 2
1 4
4
2 4 2
1 1
1 3
0 
12
5 7 6 3 2 1
2 10 4
2 9 8
3 12 11 5
9
3 7 4 1
0 
4 9 6 5 3
2 8 2
5
2 5 2
0 
3 4 3 1
0 
12
1 10
4 5 4 2 1
4 11 9 8 7
3 12 6 3
12
4 9 8 5 4
3 10 3 2
2 7 1
3 12 11 6
12
2 12 8
6 10 7 6 5 3 2
2 11 4
2 9 1
12
2 10 1
2 7 6
4 11 8 5 4
4 12 9 3 2
12
0 
2 10 7
5 12 11 9 8 3
5 6 5 4 2 1
