50
58 87
-991068329 -899441656 -845100326 -824250208 -770248311 -726482452 -690448216 -670777685 -626578812 -604065854 -602494958 -580514194 -539455090 -539410626 -516105415 -460758695 -457556615 -426606733 -420115371 -394054757 -386643351 -270641211 -230991108 -227951848 -215453000 -213887800 -179183853 -171478481 -154946603 -149340922 -95571886 -80230141 58336713 95925461 111450181 136771504 175900684 212459272 270507519 284145072 353009142 467640554 513360042 555879855 615557784 651789101 697928692 723913157 731605627 763046897 764841924 806017830 837010164 865956429 907658180 943619168 958489836 986775295
-980593163 -965501066 -931026177 -906862179 -888955066 -860122782 -846594501 -845746896 -832563928 -809884525 -802890806 -801763142 -784194462 -731124565 -711069873 -699114574 -694217453 -583049264 -562849210 -554081547 -530259260 -522898167 -509156575 -500080045 -466531470 -373051519 -371651631 -364863711 -364268138 -328525124 -298250430 -247995061 -239746607 -233710659 -199865022 -165001999 -161511683 -156133219 -135414930 -133695433 -118435089 -87397637 -83207886 -49447000 -19342006 16605211 26593620 146815034 149699731 237437394 247712406 257181217 258813101 295425441 300421786 328252213 386515348 460889730 468385135 496549279 516647024 517251927 520804758 531781105 545876146 587585719 588785607 590490385 599926403 604487293 618926097 625320748 642922886 664133806 680492062 715698554 743791770 759153813 796910677 800714951 814651289 823836702 853474240 859765691 884925136 907047742 986532987
62 47
-581637982 471845256 793333286 -546187181 485951495 695045799 313699342 -697812321 -636425344 721194467 -456265978 341834535 491887670 -182573429 -838781406 -245922989 977282298 -208150769 839497188 -252850406 32000904 249702585 947541385 -559676288 886645118 243975867 -34266310 -14250195 -489760062 9364108 797373971 -63512423 -732081328 35247978 781108127 900485290 665602843 608493981 -198082165 -788169528 215124625 61289034 23652010 147461551 728062050 -725742868 -488926738 -349796632 71406761 -943358829 927206835 297959204 25076584 -416255695 420467753 -634069131 14381596 992915385 -230539953 -154362894 -159204999 865671377
-851269798 580001605 914619390 343464789 202897365 714711460 160210966 598915389 -518035279 737526006 -990373362 867937481 744658062 512318324 11594721 251706942 -799103463 -846757269 -459092549 -507672355 -911254297 764505957 -342820112 237476706 -152936003 622583808 -44034577 -404335211 228099129 -658679738 189469363 -318324168 532999254 765989807 -521147500 -743396986 492555102 389942131 -937115223 533986236 -140524531 48689657 99803698 678644190 502733295 -313042869 -42040477
99 92
-373576557 381725450 448241949 -853864929 969983774 188352075 338919624 767338964 -994997193 647290612 759314249 754235418 371731198 -907554755 820191595 -81395767 919206821 359763065 -291566007 -352228435 -781450494 -330734377 -751916895 -56943763 -837628760 -262091011 888439285 687495205 47557950 -715497896 -230695560 -371068641 -496138478 809012834 -525291111 438397195 -659115840 -100793931 105664863 294812066 792378560 -49764498 231348819 -939794533 258133639 -247863436 39893563 418782166 437208486 350088816 -84689429 -872993658 53296037 -455698880 852021369 751236511 400182645 367773842 353678 -724873417 857281883 716572315 -649053346 874184781 824410139 24911079 791083016 665743527 69841673 510164721 736378005 -298788850 383243888 513145877 101338435 -560773668 709425407 290446785 351159987 972680102 509927657 -93781612 258879225 -413462472 789125562 -538342775 828438630 729248173 -315309205 -833596241 382342844 -635566426 334367753 -455759299 -288145928 -108157165 78117002 908229851 274842156
616624457 -766785446 914892231 627163953 -379355117 -235214585 -247176732 21532655 -108543235 960883769 146713370 -198804871 404769063 -26739735 944557865 314452289 282602528 -382128345 455555244 -129961115 -465864304 -498128636 371908086 -747557626 113763725 -414401067 -450459501 -228235400 -750865205 -394256817 -316551583 -206465163 -852633587 445138600 -969147667 753723931 -630463930 37867130 111439149 -679155478 -274316764 759648298 -553297050 530921062 561073957 401991677 602505094 -835028031 -863616838 -926335505 -68012096 457947635 658530553 -950341024 -177978676 -388106913 -465943289 -221539250 -323904925 57085811 897249916 362372756 758641052 431744507 319173146 827630709 -972786461 -616372785 -582301192 -829554898 380292080 -533819180 -171623672 -21195073 443713522 687504571 -688817639 373010131 -486061031 -787883746 -583578515 39973013 -202267825 -839537715 -804790658 611893217 -613731688 -737457470 -353239258 491879265 332148305 588462875
99 74
-445735770 896468161 -486560651 125856422 539169656 115970921 934935427 127390065 850749958 969017623 -535928920 657703733 722440703 566773248 -857903727 -399105206 534156929 -311416605 -37586488 374931102 -87073634 872423444 -194529588 423670781 901169534 785471231 -732261225 -405296088 314103728 143364576 -578151573 236025141 56898627 613657516 784733742 3255308 -936823880 -455081416 -854106968 -274308986 418365587 713714420 984802357 323646798 -630316146 433129762 638380483 136642282 306522324 851860880 537024554 837459412 685615019 511603858 751101321 290491397 639864509 -834808329 -826056837 630330834 615074093 708073902 519642774 637747240 -743785641 -469536236 241794178 413682502 539512251 234253448 641259154 990618278 24989308 -440864027 843646041 -825538701 -914593611 426293858 662275009 98297937 -270750951 -972286227 669009724 191465439 -308250529 498050561 152440620 -950721193 -929465287 534672069 -824175605 25069401 -306891219 377297539 -755935631 -399386484 569658442 -663626027 355709975
337831615 -211734513 -310639501 493840469 -176738724 957559167 357370454 189689452 238482407 211203624 -242771009 -791551793 932671675 -637093089 144518870 601143778 226520820 -553752193 -145725028 -152013708 -295205626 -470377524 285299107 -473861322 591807737 -492443584 -563244406 35002485 -419483546 -368187257 -794764575 402538621 -595390538 599854019 -344630795 637507305 315961524 299442861 -520398105 -568921958 755365732 -318519326 -346912969 836549059 105010275 924193333 -650376177 -399156922 -607204019 513241044 917567394 -440779678 -708491753 -409417280 -674583401 -867296001 954771098 -682348498 -276671721 -302266805 -677107861 -219590153 -792820867 347786192 78530748 -517651252 -163194206 -980568146 461476077 693602602 -393432386 336389759 740465623 868839651
77 6
-917244539 -94596710 -379739246 131213114 556235297 -38344611 869928240 -238594844 156876556 611496886 -968425094 634064718 136718123 85141809 -46833732 -935889263 -463602552 695716716 -171899741 -322451323 955151166 -554988976 350360306 907530178 -626408598 763074872 -128840 -621752352 -448389974 460832524 -626843413 -921320218 790463755 526933775 -549538262 -735976968 -855067523 -620740213 921803636 -544392863 834443866 -761971883 -524255631 491980593 735656433 835892810 303473170 136647575 -646954679 631843316 -159950916 -50124209 639225296 354030331 -729374940 747732022 647084746 -247918237 214591184 613528453 495924772 704134108 -466951997 292905006 920539148 -29650039 -659109355 14554551 879468525 -117515655 -2699146 99465459 65578454 418859764 33691621 241832792 -767569466
-132557364 -90753073 698083795 -302050083 15739097 -779509941
79 57
877256293 -427485823 413666433 -756622721 -131053451 -950987582 337571412 881928609 8973843 928619666 -959954151 798753762 764034060 314681301 -24884489 -867940597 824411764 658911623 -311995439 501438468 -590595588 -537858124 -55341472 -786953891 -61772133 992134191 -477557978 -173386360 317419415 -537562737 -814148349 81495273 55110434 728792920 141752081 766158143 -242324594 367709636 17191607 22336207 -386177810 976103302 -538007919 -319155919 -546033397 266500228 167869535 -289012905 323714912 -318276073 251848210 277794258 339408575 -696128645 -165163462 291795553 146481089 -482409291 366066329 -687432676 842080847 -140191091 714643115 -261779378 -879585205 -127363371 317653020 -723768289 -74840456 -381886354 -420235842 465912347 -904199272 665904949 730427875 -526498949 -383629444 -296371440 -933737077
946964353 776886588 628520018 -232667541 -967267225 -730437068 -724326941 124132915 300924222 -383097524 276830395 -630062318 -458936628 -200840015 565426848 563162968 -692758241 660654487 -312138076 -819908166 393459206 923266837 649308678 404355561 684117006 898883587 -127214901 986907853 125590124 -81264802 548690258 -457500342 125474251 -295700455 -90567597 -727986826 733656291 547316698 -739772225 -950972139 -320488103 -136968255 521353345 810711651 -796162245 -742580178 360369069 899849328 514950353 -153960740 -366737503 -953287545 541082077 -867376982 -207287370 -581657908 289833505
78 6
622409416 968282918 198164926 -555176027 790557994 861067036 -788862389 -734402947 856713641 898360842 251331573 -860497330 -60653829 -340253419 -828836761 628085806 888131189 -743674704 -321164860 -547513142 773978435 -357445658 195968274 -725304706 -460269958 -854231733 369925869 348521440 286237889 -856778103 -604786198 -414977614 384337328 -803666135 -191009683 -15669634 -680279710 88254007 783306752 -843024363 6842501 -801922050 -645643170 673570062 -592350279 24501779 -531534854 -721988506 -635209951 727734072 655899908 327176400 982398152 568272003 588227992 753424753 -743218139 567357483 -464047293 757881404 -246373813 -68443199 -215271225 929341102 -811626125 192273933 -614992034 -358221868 539295807 -709003374 193495102 521619719 -663561439 113206346 309146463 -429943720 172223014 -67374112
-988246551 -832062610 -776887922 -460552326 78604960 488256251
41 81
30073019 693188658 25990467 -605847554 874136498 524476785 532365155 152564080 -94826776 251566569 138361993 294976367 -26833821 852267824 382595674 -545983379 502527498 553076417 865513227 44858578 820330951 802309694 -990796468 -352018522 -956944602 144784751 642560734 -913684210 -720855394 747358581 398698284 -319911300 741648315 -593553942 860758536 -320060554 991705158 -957362915 144577906 -942451990 501229417
-792012605 221703185 265583214 -852849147 342180701 235845061 -879697763 -24242189 -25229185 -129061017 -535296560 207585160 -559602493 754578154 305086089 -784669437 -202373036 209540454 324942399 -850782090 -843066558 -921708440 -78787360 -70161313 905359223 -148856209 -125087446 823713075 -188681303 -884560160 -314325667 -656774007 945309797 49613538 720736956 -900845295 -383981845 30939827 -392409416 -294567586 106682665 -578697954 -406814514 170976006 937915601 -268865500 -35829373 905745818 -102578081 -461193846 -587538237 -78828696 -70075448 64331135 789624763 -355772928 -976496964 -354525049 -630039817 -694566401 -353301806 -231253314 -484078032 -922507413 -705283808 -275570477 569788492 780983839 -37643855 494948834 237551042 -273576324 -364960524 -661135121 -644851714 821556131 371085000 -653645217 677486027 -813096320 -580363217
65 98
-990445198 -956668279 -931597705 -878071751 -873838824 -838302650 -785766032 -639073765 -561493144 -534149325 -498979006 -496916609 -471082031 -458420303 -442605843 -417637720 -416239848 -386205296 -385891703 -382367513 -369258338 -320970635 -240144519 -237543686 -226970361 -203685379 -167579784 -166292863 -82722682 -69271385 -60876710 -1772396 31261431 36304258 84021738 111239417 140138433 243421644 289381816 324826482 342173418 342238134 377145441 412472191 418548312 423155815 429610841 500913013 536361600 556237782 595394309 625333160 635577607 664104545 702871843 734635873 746317134 749089510 789199837 803547665 812364774 814058962 886047670 927947858 952196189
-54133638 -331035468 38905858 432173608 674384018 -292871571 -588326536 -629841065 860418274 -692978826 -230914364 416087715 8462454 -736565570 -804137098 785053743 -418184335 668482787 845509143 45264325 -822129371 343503447 -215174733 102487588 -367223616 -950193352 319518348 -293712103 746708182 -213858391 164553013 93034382 -379048290 -166035702 20240657 -772093301 -422167214 -733266490 -954543575 353079189 846723045 -68541746 221009276 -354937318 815215424 649864447 -446525018 -182727467 143765721 -73420983 700519811 739979598 -782513153 -280125422 212817073 771041094 -626534112 -421792636 604750744 -307104097 535191750 998614542 -888222987 -995876576 906208463 98112180 -953098038 930779160 -381438025 -722350100 -4774063 854664199 -300602083 -749617821 -952113907 934896304 720417288 304231620 213763191 495060441 -501437179 -197904280 -427351381 250864422 985176898 -264753551 -129211469 -955757572 811346430 -143302304 782678475 -265870206 612177810 635954148 -262816238 -412593810 -662159196 -725676148
15 84
-251844117 728896807 -895830232 825580088 -408582542 -122199956 498911224 29196395 112506851 -990484408 -723347712 14109611 -647848589 860621213 771058171
-225772367 134383818 500137884 -491480273 -774347987 -282932548 383546448 -454181398 224757100 -311814584 -726880705 -160658367 -707305356 521228009 -313288032 -621204798 968828016 251509494 241348535 729556851 -967445313 445765391 442133226 -410008454 -236370157 -667155153 454922863 172672297 -705695151 -69291172 -454033994 947054002 747898541 -137355109 -743865287 -349016696 146223340 256663470 400553368 364965387 869227081 267944149 -981266227 -765629039 72079521 726624950 253908243 -577710824 600566346 122162091 -542953499 -94877748 -546614073 -443634944 419015299 -850387787 -246013524 -140584064 -877789883 87319818 -724321106 -7808577 180712295 -76317490 -3133956 221649559 602355884 -616960021 358935925 909504354 247213927 29712376 927180102 548001367 143234335 15894486 -740389012 -896142310 428260825 -254500689 733379542 -665636513 447721466 169733216
7 44
-648424318 732264814 -132598502 -677089643 13460476 469386082 666592641
-859535602 773321024 -39285054 38510430 -582790911 -523657906 896216652 445770313 -906343512 830908609 -413711770 583807226 -195661893 216331296 93003283 562596243 527983363 -953323502 -916852005 694835155 -772505232 -51422498 854278066 967535548 -898602286 936416996 791093933 -206829167 634112441 57993179 742663566 -321808223 766216617 701786985 131783197 -46321340 290738973 458060348 881547479 510567013 525798933 -288639889 -517041600 -325738319
33 59
608159215 -591075626 -851084416 41800459 -202928915 350108989 428592327 -401424073 -908500683 -193538270 -955171494 -876177152 951808256 -994542232 150845343 -507082309 202088005 404927168 367677039 -812551844 -201880166 760311046 -113273366 -217499397 886675622 555015146 161799832 -182490987 -419736667 -911051756 770186943 524844722 779341410
-823152023 -872737098 -39330511 627889984 927489073 250315320 784621883 -2746792 353133013 -883983313 -960511200 475761632 432934956 -977957767 852392985 182437519 914149871 -604688410 -17120008 125027706 -771657579 474194074 944978003 181647729 327827315 395447401 -753199574 997245697 -320968195 213387389 199992452 -391429274 -87739889 278368961 -136766646 453026564 600051637 -966627288 398140820 -331052565 -651823744 239319132 390855231 -225269672 279442629 679135364 -977258651 903539521 -543454856 -261771182 144724374 991250777 287301058 588294325 735733452 -264271813 541469436 -874468931 688965335
99 98
-439827851 542441418 -937296940 306189128 220509767 354072520 815681756 -600557701 873487515 -821196801 287365221 -665008111 910211221 104888619 815241279 -280986063 338104871 455726111 576430238 610743916 501871863 -822483123 127278477 -481653223 880927616 529362799 983482551 718598962 -187971141 360596271 -479254810 -358859783 -776999095 133872893 -727507790 763278774 -985360025 619883558 -721952900 828344264 856026182 411486679 -994618691 -245534351 840557861 -143191460 -435579755 171232149 689866851 182673978 -733115503 784645779 -717511718 -533951402 -664294118 292436555 -289675975 -880374869 517988170 215990367 547540323 963014934 -284698083 -40932030 -694735140 498896788 -370244427 -258286248 -76275028 -367198882 -602038648 -982599262 -224549433 947542389 260410950 14425591 -372501635 113856267 -6178198 -577914089 354628441 555168306 361583209 -132716321 -546200317 145759621 91177670 -675460894 352733481 501934644 -340059209 -674978871 -215518353 -660734959 -181913214 -389191770 -44986695 583518830 -457086066
-950553417 -950392209 -948538003 -894330241 -881435083 -811619842 -810216074 -793267489 -784133966 -774086093 -769604119 -724417037 -715435692 -669437556 -633989946 -616970437 -603966545 -594351126 -576719581 -572479539 -518355608 -490137335 -487643982 -454728444 -380836330 -362412282 -328441454 -294500853 -291683230 -284048702 -275030870 -274298632 -262081645 -257283822 -250188535 -249022662 -236127252 -234016756 -232674459 -211175136 -196436044 -133116041 -131008283 -112077336 -66780535 -26637734 -23477718 10110064 16575721 16783713 50944455 66460344 73388963 119374886 161836021 187228319 188421745 199367140 200545741 244681658 254013465 276361979 276841804 338641788 343148081 344454851 344545087 345906205 352981634 378816683 389781748 415702314 548762156 568923041 597342601 605098631 631405379 638927688 643077218 648839867 653038420 660652012 664934568 698402955 704202227 724854049 748154014 763858224 775119059 812712164 814161099 858383871 866041696 873523191 921127830 981985263 984844343 987725314
22 64
256239626 -491491908 -665964608 -225450222 214317628 -158633532 75005996 -371885878 241813348 9527548 -233481309 -305380795 473602830 -757382354 530876888 -764031014 983404701 999012126 427607829 -106051734 159545262 -100340748
-303060616 640501175 -930858217 939403256 -908545945 795808149 -305137474 441132261 -610735562 891570509 -479335267 -717087979 -157580649 76622612 -616173675 487350139 875053662 -456904479 127258636 -451716231 -310272437 -442150947 -702041521 -63281544 -370517995 -566878608 484420781 994661678 -665442996 -579165266 -382285417 128563284 -8391328 -424855907 -264655878 306357709 462450975 -614781738 -338096280 697044669 892154684 346910909 -205310875 -805123890 -421752361 622950723 128931416 995073543 -255836241 -832691299 56959212 -118756070 -652795534 221408924 289272067 -690047310 -532618370 -432535358 -675289492 -509601179 -794654245 260485350 287560178 347465717
38 85
714211351 993737643 367664990 314252591 963210557 482382971 246584513 -512115805 966902838 -543005970 -69298787 -899391413 423003852 353953602 469551138 -970133979 -184286558 -112535265 235349212 -944923399 -851711331 245178834 -553538870 -958336186 38207861 734691154 870552468 -436805683 826159175 30644793 109712574 487913404 -70800205 62282540 -97584461 586816270 -833724142 -311284247
181525758 -447885480 -83449232 -629294082 683394332 658240454 -22458754 -869274484 557219003 724657403 349111834 608422700 -202946049 -626395919 -165395856 464843410 -355509558 470936185 -978911249 -6015023 -681440819 75668948 452501938 -606069913 -38904467 168437459 181548878 -546986184 -900375137 678274486 -562011295 -313310910 750141025 222714359 560839317 51120167 -638262433 408115681 -885271853 927201621 104902681 -466478131 -879429110 -866551502 -891476395 -397566039 643083861 -722532965 108370010 552211470 -444334273 941653003 -876284581 -857948306 890719702 195237943 -314873383 -547374308 -875009568 -662990799 -730097318 610006412 -704878570 -679781199 20675984 647825198 151851940 -122715913 -316282821 766013626 -145048408 424806039 -730751894 793550655 261124278 268480160 -762826364 -447044347 -696847314 -748610430 -26758557 264638855 -196691320 -522498252 897858149
57 18
939009923 -512314568 -417488563 463804427 225798254 493801668 568724766 -973047327 917658696 -279752082 930582999 81704031 -208910134 -564196667 -796087400 -553222061 930046178 488498426 628958016 402076629 -721313038 853280541 -438988660 986548898 566176430 725405221 775577164 77276076 177864264 -187389116 -300883123 32585804 387926059 209483250 538630532 500807544 111977526 -202457782 -237732256 182313036 -639946834 691966217 183453972 874743197 171781896 -707579831 -5492234 -344715931 -268796926 -482595572 124492915 90999547 389974264 663563363 -312412619 357952092 -679108889
957591931 -413380641 677379194 -735308678 339135387 512409490 -619176961 451489421 -86361470 -267361148 157426909 456485809 732499536 -218684722 -512649844 797640125 219126522 -788911086
92 67
-978428203 -956066263 -910603607 -891701962 -885059026 -869528175 -854155133 -786336803 -754916385 -744697670 -739816597 -733258686 -725701654 -678676289 -667165608 -662278416 -624620261 -608504533 -604292497 -489384828 -483240255 -477499429 -473511121 -467441774 -464385800 -449621690 -366221350 -312804577 -307690430 -290195992 -220105482 -218315695 -216444848 -173351880 -172573396 -149981579 -140003458 -111055761 9547523 9705998 29554737 62573080 70003793 100575395 124949789 147378507 163685074 177882186 224871225 246810636 246869255 314264002 319103215 325657976 357218241 366884847 374311663 385214991 409876882 505721472 506226535 534469503 537528991 542413039 598778261 605665031 614925839 680229586 694718715 696123221 711975322 728114325 731781212 741125908 748388652 752844579 762641227 765122293 774873565 785343460 787077443 820793522 825799445 828183365 845873070 861028550 897518084 916360259 962291595 962536939 963722020 970361869
-277321915 -198087729 241220133 209071368 870245166 743342310 290019466 -701412164 527367385 650992830 804010197 -980648781 286221837 82622421 914345171 260053353 72536059 -663667415 -55719917 25194307 -169312875 628605592 574570385 838278873 -568497042 393498558 483967812 -806604870 -617762770 -226008136 -911053297 753153227 -160833257 -769164122 -745987817 -758856986 858082861 308924616 203869286 780485527 484433779 -510790563 -139686540 -217830979 -441602512 38753450 -488578568 98643735 -469030274 -765578845 -790655230 -204866932 -544340257 -506238463 14262060 -466468230 -63061330 -999519825 770498101 -170138298 -118175032 885157853 920810771 -625183869 501506027 577516803 -406426897
79 20
61608427 -687085548 -316653870 820269089 -909661649 703675852 488483778 -676511288 -447081885 439012740 -95523745 588136478 527348464 129460713 -964215693 -405551870 164075848 891427944 -665349110 778371469 -107955322 680988410 3935725 836694649 23588716 -323430535 -542999015 -894740185 -342297028 -967367204 286390329 288746596 -608940107 541879618 -927328740 -544788688 312243650 664795283 947984829 -134463604 54355563 -884555433 519900034 546316109 744753040 931424729 83405149 -549573785 342915647 -353200562 369620184 77837924 12047140 -231215546 804269488 400925 6624876 -267850430 3556146 597220553 859912118 336855157 -798639708 934432375 959612333 -565514415 79500086 318448310 824142657 463249945 -755146760 889780966 970237341 -839687802 -913125926 -830933275 654751187 -380555204 -260402915
-586552377 807590846 -232662415 293131028 -927932754 760592733 921053015 -33407817 -296842753 83334337 -802164912 595334737 275427731 674217608 881610150 535273174 -816357056 -238474263 194435696 -822312394
33 30
574651682 662539450 26232827 -930305631 -137365582 -330240086 -210701446 -552636814 -120136776 -756316822 -33421032 462783133 538926595 -591267013 884623853 458730012 544115008 872878838 -455996069 670542032 804691736 -488926399 338326733 512904663 737603212 -147926169 539152476 -997991902 220948858 -386945828 -523146369 954241548 930451439
-994503302 -910767245 -801912338 -773745872 -661161539 -503739625 -414377403 -349664862 -329744676 -324469595 -308108977 -142230133 -111980686 -70929189 -65133989 -19686281 -12462133 43091809 43415927 87274394 99585528 241292241 391649353 418093209 436430170 520602747 585494693 888764613 955497118 991119163
18 58
974676780 -537173316 -801127416 -410725505 768155203 982584330 -687982994 -324211543 740185148 -455658122 230979473 -219396685 63178523 950247120 -181364722 994229917 -394662918 446705787
-884335254 480912429 -54023024 -162735266 921208077 -696493792 -943225698 -71855824 -496030164 -779179591 -897864348 653593033 -17044482 446310262 -393410895 991500919 600149355 16628693 197021436 500272253 -67854177 -74204343 436689761 -250819659 739072192 -879672098 154823535 -258856879 -753679677 589634603 228312797 2102465 117937993 -638247833 -988364758 976934008 -101351636 389644125 626195696 520917176 -105127477 -41263194 312512996 -447222389 900360422 -808018937 -203365567 -891210675 -500268340 510661045 -732265829 -972031651 -507655916 -863041796 694613099 36174021 -239695362 543130676
50 99
-443665544 -729546993 572560224 -298019099 -728694721 674562319 -25918342 -123973186 762196811 953190752 -621861651 175522293 107569675 -767161729 301261919 50858765 -59533831 -494021677 431863919 574044068 922900407 188558194 -359530208 -485083620 145785462 49528030 479618184 249897091 -193042014 -302080570 746777154 -847995414 -464024178 -266744611 -263831542 -100529664 -403387647 -533701914 -588251834 -379618575 683672032 589944723 -96814973 -157430733 228972693 200594726 -914936565 322552240 955996540 499418308
-149800983 -302053115 -241359739 -974399166 -363946144 -581889321 -391426677 11628738 971588717 840430003 -985133610 185196599 -33600760 217128247 -547127904 -824192721 -156155737 172164982 -78506794 -898180224 492640258 975473359 397812321 189499594 -531924542 -752248793 -311574753 774055819 -970951801 -25194532 430518374 846399426 863450328 -992797031 52839343 -304872458 499999894 420453607 -531846792 -429332365 -572306464 -810746636 409092718 -573471448 -411305992 -79853137 506498799 -93994750 559412308 364175123 -734084599 999462391 162438696 -205451200 103162849 -650024046 -38046883 -487981342 -907662528 390878053 -933646327 -509630071 915997119 -858847567 843345027 -329413272 -1127165 450679012 428742021 16654179 -450550863 -453972377 -126765670 256934830 -814462582 389428473 167927695 -506220354 -666832939 -163938106 -762714479 -33568676 -902866725 -829903259 56400617 79301949 -50930634 -572941804 -759968295 -512522205 857306894 65499021 -320773057 261873345 -530950279 -245900827 -954898669 938149063 -49191
13 5
968974902 43777453 -828739435 -754989686 427578085 -928523106 60502433 -796692363 317956362 196646378 -786077087 903800289 -477714037
97440955 840380759 709197429 -750341705 860515257
1 24
-99502760
261612790 650062150 -379081932 -139885150 -161686704 -282233598 -838227315 574635181 811490919 385898355 360818661 132015516 814914231 86428313 112432223 744681206 226405813 743024368 854923157 -274795442 -941472245 -525771396 -235039598 594030436
83 12
-125792393 -875064018 224664905 -145980402 -501152289 -750365948 613837097 953458695 -954418948 571009898 73791278 -592719422 -228324510 446184281 -571614255 -481105930 -965320870 508253029 401409603 910845425 659227733 -121126931 826917528 -759537660 519194690 290030743 355135424 -783338597 798616640 -65558018 1691422 906308788 112151797 970978001 -409568796 -458317886 642173975 936194129 -223724380 -464779080 488599233 -942512287 -29390895 732854036 -368748465 -623184639 -574917078 674236667 617442149 -50785643 -415082087 -943850145 3042926 -698535852 -833035033 611775459 565658283 -425007660 -680877576 -892754989 92298386 774846218 593191681 -252435494 427786560 18189762 -193256834 647128657 -632799366 -531874952 -984876011 -74108225 720293825 -34131325 -588588396 -317129692 261423080 -612712665 726538230 -525564893 649022232 877735408 -134642650
552807417 -893989692 -414771196 -432163719 -731447123 -767699161 528809444 -577611431 -270577442 -392048572 929952140 24272109
18 5
-935568433 -905064749 -574945008 -570132965 -502061245 -476633779 -268826868 -134788788 10833788 254266876 282873944 344199104 398185039 421629587 496992325 740887471 755002874 792089726
-163561251 212672915 288516681 774517134 830479805
38 69
-5910474 -378376754 32122010 -823407468 -384028195 459491573 -981214240 -164637854 633191164 -488865353 464684468 333813658 196337340 16093254 -231823094 -407128944 690521021 363979941 889056935 16928500 -380501748 114692135 -422060740 489217453 -105057627 -951881023 -918796033 -336808660 -836505365 438322676 -574540678 352181536 209517766 -624648780 -920918966 957388399 104537798 285521204
760050189 -345941089 470419469 736847916 882975739 -966067851 -204963034 -580881859 -561919867 -57672128 -849537359 -513035786 408697715 -938318742 -747389348 -958339692 997963656 -889069365 245919159 17949061 76689709 223956494 -938537770 715573065 -31601430 956161730 -391582216 282315508 629451666 772124642 289325541 -51721131 -114699629 950765049 -319965203 -708164146 -660502591 -197450793 861637848 275261349 -926572708 878286338 -196366702 217381284 4408508 326256806 -830676532 952921535 -959469284 818728785 -691154566 202797004 -698572372 -650393503 -520012270 154951089 710272482 -33010394 -325147811 -561027092 -866372062 -726714517 717499398 331040950 468987691 19260449 -731086735 502843005 931165006
74 86
942610224 -590562465 775615687 -691139509 886801617 520945385 49063048 -981441518 686762066 -373014442 -254046089 -787952828 397452775 965910206 -902308349 725342442 622592521 -847190566 842897082 741986164 -578220454 442143033 -471007559 -296360906 -94901589 971164104 240686832 536363418 -87475479 679846224 366350818 172313776 -665100648 884457569 -876285437 774206196 604216191 -889356279 -725292706 -630845695 -22697720 928063356 -356400296 733644762 277243673 566071731 -257402207 909280450 817962260 -428328502 -953289773 -121388233 -185352425 -174890065 -869921155 389324243 -478318197 -208322704 927997878 596950347 -766821495 -676845789 941611356 534163059 669231198 -822028982 734704526 877022557 608665904 971721617 -879044932 384731679 429570925 544388786
924805820 -842478574 -242675806 -108726790 -701568815 -317061572 404773859 764779640 -906581639 736207492 -579569808 -544658121 -741132490 -841408212 -293017713 -392734456 733072541 -818454994 11788437 -248772582 944078093 -479583423 322405399 144580368 -701101812 791038151 -119750088 642227989 -619772125 929821508 -724093952 906478507 221827751 -746538611 -619416015 641274441 -880932264 -9197532 -327683434 845584408 400380988 -34373849 692388203 777585174 -771661269 89711943 -952704514 -644599772 -747406621 -694901982 -132046078 304372720 762774516 812609825 524658969 188744722 -485017335 855887489 -582315400 325787558 966885724 -687241563 -520046943 179450775 -915299377 99531412 -850335934 -42945467 980234732 911180668 154043452 334638812 -901932646 287905853 -92093391 -640316115 -860971898 -625247571 771739792 444481107 -89724383 447301311 -728943587 -31776938 -523514742 -490812482
13 19
550870848 27795456 508259256 -676008635 949908963 293772143 121403925 429323067 -142799610 -793070815 836426668 -513794525 -180393181
29793189 -647350988 -32136840 301089279 -523631167 -126513289 -886280953 -364069714 111243411 -680926651 254782520 -866273085 621479718 -642324555 -741126981 -173583564 333039506 537979989 138939626
31 46
428520277 12895144 321795338 168394318 1084434 -728353197 564588196 895075152 -81865525 -687162784 290127019 580802628 182117700 -415295335 -638200621 66440086 -892652129 -121177448 493477576 560997502 -370213381 446731629 -155390712 478153502 -269549582 995532976 377733701 -329573398 810538387 -961794035 -564157002
-984519262 -262029383 559554821 -378995574 -590012259 -170563314 439264413 551089809 -346393212 847917772 772089359 -875499679 819472411 -166921784 332963366 -254710708 830320328 -774100339 532130410 267362206 383599110 6972777 -609194697 533587340 -914013575 -130130205 310016378 -482203189 -644571267 23166365 -374037224 -650033321 313254647 846334274 910419730 -996007733 -255086794 671899547 581486284 -783513530 785214005 -750646534 226176230 380783445 -277554260 459957483
50 51
336151564 -339745589 878868078 312041003 -659020311 -291831060 -184336110 -600180762 -869809007 -20895014 -897527870 -988048163 -850949412 819149713 806952780 -482704622 -442860260 -621064743 247665931 -485616337 -603478920 -927368050 488646804 925450770 -742133036 -113307108 -493926840 979206582 -73274699 -822595914 268670817 92160349 771893600 -374145174 624983106 137246182 -188984801 755182043 816162734 -300866890 -998818537 -899919083 -621385671 742579217 670552459 -148596217 -123077641 819305363 -874657851 -827943687
-7657044 942192168 -762820684 212145905 -15765421 -165554918 830776968 738264074 -855307276 -855355282 305474139 -49437105 -782819827 416895997 -788875319 -533500124 -519596148 651911307 4190994 626462845 -967102245 -381041600 689347425 356373411 -508000640 778720679 45206903 -808151322 221050927 -835271288 -499640341 -172857360 702668676 -949318588 -357000394 832773367 66743326 -967447014 132680306 544235595 647050649 109645318 498857074 265393677 973717227 26150664 584275498 -539337265 167592582 -156974 -593457686
78 64
-479594284 -486039515 -851572540 153777652 937945880 -389634349 -353341429 982946114 -445018674 -254477256 -446202107 487301617 833937233 611047695 287655658 14861292 -720075913 197212798 -521524764 152734569 659637720 -227840560 943999087 -603749192 752514136 112207994 -699739092 -135420558 -685542882 -145080688 679663434 -373828219 -13387882 343944630 -314866238 -131024803 -724431577 -371250642 330072833 -530375548 720400449 917828943 -364709430 -789296378 238946347 -705703250 -863074657 569787689 253264184 -325718966 -420192516 581961310 -536618404 -512835210 -486829293 -792045818 221138399 -515981693 917237283 -5998706 364886300 558880251 785794313 -162490662 -60553893 -856804303 -558536610 231712782 240111107 766692152 -773393943 956253982 935835800 -193532202 554123145 98123561 -817597375 -961677239
-960390068 -956533627 -916615382 -901606829 -850418434 -784695010 -778911992 -736431950 -730000594 -662888808 -655507117 -648351300 -614885350 -604877752 -603923313 -592877728 -576211466 -488915321 -480716432 -479265908 -479228855 -291062167 -240040635 -232197692 -202048901 -197155761 -194479246 -129522839 -110677004 -105960355 -102925088 -95241518 -84746901 1604664 25686346 52269659 130656756 141315589 262535533 296514456 301184247 330734911 354078536 357280294 379507132 387747138 413285367 441935665 466506190 473444410 502566049 589249502 606192883 655517417 695884488 709532120 714119314 819079685 842845955 862603257 909643149 921089813 923413440 928036654
95 8
-471393192 1656830 746673900 -1220529 -960460556 214220644 -219042403 -75162400 778119847 -673339309 654952282 -211228152 856326458 840033039 637963123 -171360540 -877578334 -270720482 39311560 -464448979 -316095579 -753111096 -462440992 915331125 507465502 669528328 -544777912 699481754 -27680645 987377897 33414156 -331887590 253699717 764549988 421838439 -275017936 784839310 208345993 -150082153 -616267799 -547844538 827876399 -497051373 317521716 631071477 297886965 367566487 -530219514 -535165814 -432661898 -612415718 149652574 523664627 -565005806 -886670062 876662216 628361156 -414297421 -294915290 -944164070 -34884606 -475904498 726864805 -364974324 -332679008 787886057 728139668 -888387865 994658439 379750505 -911103918 -103355249 -605892170 579487691 -40758961 -259226933 407928870 889335795 807570166 365697984 -203375114 601211139 744567435 -697196038 -780991761 -24951506 787215665 493073079 -997434860 -226037916 581843107 119614198 -117240597 -567392499 -397204941
902668684 -618444406 594206595 699689522 443318496 196834222 830208970 871393856
80 59
-962342375 -954160860 -941300084 -908673225 -907991259 -882433206 -867834865 -864023470 -861943054 -833520558 -825418604 -798635461 -764965734 -747005631 -740721789 -731932257 -685701855 -586202020 -435541155 -388808721 -384361809 -373686279 -353040524 -339648323 -325921655 -318695031 -287940320 -245697972 -242116039 -217387762 -212193732 -199964716 -190207194 -178489853 -151553381 -110799829 -68516024 27772132 39460194 47193415 57491237 64633344 84326406 99741124 114516884 130785875 134677701 163574569 233787708 242806266 276124341 279429788 310982939 321167108 334866954 387918688 407820435 491310977 496767892 503297757 521751720 572168637 579116348 591819590 593093904 627799456 650364232 661398896 678496126 696966579 697041498 720586792 754464258 803867164 844166403 867226680 884555010 894258323 910788359 991875640
719046054 387692280 -814135051 863711502 -596746639 655467671 -383899807 272446093 148805191 558041863 224021990 38169722 -696657426 317564119 349038097 121245756 -712435926 -724705333 219400845 969667068 649633834 435733205 -983090596 119409185 -299529150 780702287 -810812334 -366719298 -277704370 766744995 -88625770 316246062 986312444 135820238 814197609 310586231 -380950771 -635165469 -823786710 -439985094 -489277788 439730909 -753849463 954052681 61523673 -804828492 -956776483 -201720347 -284458620 -377676729 392871095 -965862400 296233516 472164087 271644697 567432657 -825983479 -642356992 -452910076
64 31
-2773187 692147604 182531200 58437285 174570679 -598847231 -298085040 -501382273 481947115 -532133545 73882188 535135663 -74293223 958968968 92058970 -84819740 -806125648 861617940 -557180111 885330530 891975156 -803219427 -652840399 352064408 -81711041 969049730 -420184687 131039172 -815262054 -180187287 624928835 261225039 -793845233 -484793650 -922773356 604337445 323711671 671324681 201025454 953883793 995474532 461944492 839144646 -638762224 155115441 -869384020 -913517511 -273752279 230487434 284355292 -659512456 -225193295 -899735403 231038366 -527324539 -483433989 -158869754 261264617 668998649 -6864008 -151554839 -92415485 -90692343 273193604
-400476014 647853064 902101167 506006792 375650680 129935851 -188894420 348523096 730137156 201818954 -921143141 -735588201 -385590613 991143716 955429964 390832718 -316935813 210334540 -149239508 217930290 580507017 48112334 311862776 4189998 -441089968 382232744 480086889 -999001356 568235648 978970376 361672000
84 13
-359498766 -93581922 995068395 -962014065 624804526 -487169001 905237019 946730549 696372172 -221546698 -13078211 870431180 -379945712 671070453 -240410280 -178670998 -8721361 -407387289 -898771563 388511592 168767599 -469421391 229264082 440292293 727571932 684591746 551372224 -350284550 -974055028 347170196 -927652141 167941368 -903460944 433586752 -459051505 302291756 662538972 -539857955 774544827 -574279932 722846443 201701661 56561492 -899414532 418188199 -424863130 107150362 343702152 -601034076 877855483 564420792 825111269 -625920362 318164210 48818130 808497598 976791875 -364607749 92807574 -97190569 197353679 624331120 -838325716 -678742032 -928738922 350303720 -828245555 -490611935 517417667 69059119 -684684944 -66521307 -129809091 -886690308 261180737 808432911 782858079 37459179 667817754 829864218 651918066 28170096 183184400 -79712293
484887573 747800458 -125849472 -854640867 710139767 239603750 -380297556 854047865 -459242841 -67980197 -334468299 631036849 -302528510
70 13
901044099 -611936340 -558989922 985869148 -616725360 252230955 714655214 -463904030 145209869 -578603532 -456295207 -292640927 -56425453 -614090602 435589116 -440655983 -72966938 263690020 702744362 -967473069 768869835 294841211 957559201 680279332 -919165389 499183768 916966564 -555679692 391445077 660972258 61034102 -298001094 567122814 919176266 -137943921 -506521970 805685986 -11920148 -556694703 202118749 -312653340 -195406824 -832307484 150935827 574683585 467016912 432732186 344333059 277637255 -917187687 360462979 180595780 180980037 -849577222 -235168308 344939259 -864722085 -311930938 -182195811 188808599 397793320 -697553451 -181011451 719300038 -224166970 216595590 812783435 490422161 976104054 -428359309
-100940696 -176321530 -137972713 -479033255 808650608 717651351 -143060303 -689414673 -85945215 756358666 -409546779 -481266018 531975183
39 13
833899455 224663325 589340571 389477060 -670453925 809483747 -752962798 390932115 -291118514 -487254213 653910227 550548025 -806096235 640932435 295088548 -404092197 -235146984 -690030851 -728791828 395966509 382322178 947020910 -851945198 400977932 -537536928 385697079 -615820970 690556606 -117620635 -907822946 119793379 759877908 854185627 690214280 -447652120 553957375 291686899 -426652340 -551777028
-514918758 -402281410 -360320402 -198079611 29381150 103373919 169723889 221655533 229611974 338978710 432433064 621580610 963226409
81 28
362959076 770091563 830164428 -795053555 -272104288 847566934 744211441 -129403039 655634970 -110183268 226279773 -338333632 227566099 52342803 168037007 621833317 -590809807 -542895833 -578496763 -385280778 -479253374 108761562 -257898064 -678190000 522564384 55679745 -679199826 969414810 360224951 932896261 859736056 -430738743 818506271 358531529 439869201 311261290 -605246009 -67971984 -23881015 608617485 -300366181 -114362510 834602809 956535084 75630195 -586457987 809336927 -933287546 608433933 -579664971 856363391 462573149 -609338225 937591164 -549630604 -864867868 24046961 -506289463 -553087706 -9148197 -816592816 823508725 -646080402 -67375369 354921018 -513988059 584724623 388300066 -354792389 741345742 -377949655 777520556 729392880 -873905413 142339255 692936373 109960713 -257576747 269863788 -779429148 -57495040
-967351451 930566364 429167167 -829075604 190405029 -710822250 -300175375 -162298054 -241555015 -517495341 -279343792 277879329 661567051 605463375 -905757734 -813767489 -346229144 -71675201 118515552 735654499 990728989 102671004 -628792156 948190941 -517986852 739967153 979581741 -147526316
84 26
-529437518 -189179320 519738664 -757092284 -480228428 391694810 -945741352 -650213298 -263519555 -6542464 366210954 -386560349 -86936417 79035152 671472846 863771632 -572580083 501452653 259156180 -302544734 -897768963 -377542536 -171669469 -438652722 -390578222 -138763669 559541488 66981443 -531812892 40056370 -330461351 -540423569 90444467 54834883 -4156241 922657946 130745317 -498542218 -235678076 -487321722 663699016 291114782 -610238711 -127457178 541869275 -779882547 -217489645 -922716 56619912 861088813 980328709 467980816 -671710017 817187616 618894972 937128841 549763298 335567226 495891670 640731597 -737088638 -644940726 505459186 -570183852 963924052 218982115 910886747 634932236 282350235 -595248074 -916201232 483762363 106110074 -979564916 -404112945 -491129749 -49660545 630506262 -709586454 565809034 939367465 -842744988 -710065409 152019246
-188473714 646747997 717392566 -934101258 379957116 634629800 731968224 295207751 -955581807 -205477641 -848049281 -994384520 -998020948 -872756511 -589306880 -918515459 -904383182 807157951 115235598 -374558735 200710047 606276292 -499790439 694733467 -920045704 631541200
59 20
-87191422 -194574520 403961433 -124931685 -429140851 -540380859 364738854 -27980242 -497830557 981973528 -466005885 -633878201 468690157 32456453 775406205 -748435718 34417260 459819722 973905611 -993003963 -287767841 56127349 446570106 90336213 971319288 -830639903 -428187834 719520832 -378362358 -735613483 -450267133 408646832 -861306564 -191826435 -69318025 440851684 94584917 -479499500 -221347181 835529610 -585570747 -205334554 -362833083 -728577346 -452450886 650838597 881314449 -819997373 622408774 -689011257 -103831130 278615149 -660783846 -425130966 -641217531 -726217349 -669646676 -380204607 -603374241
308884956 -73430244 -154032697 480462186 7593040 209031634 -74797245 -513651770 -680147734 757788410 -539308377 242581158 182587619 -810627662 561634420 -836110497 -94306887 944103683 -237542805 716710603
67 70
-909279030 -817529159 -814475928 -805631741 -789444054 -756039499 -730171679 -726657072 -708871668 -687578125 -665273966 -664723330 -639211151 -634640641 -622541058 -575042753 -548469818 -546034798 -521295368 -427856216 -395834332 -368432639 -338566135 -305850568 -305278669 -259908930 -235763005 -223611501 -217927580 -164399042 -164211057 -161289351 -161125349 -156400457 -122599223 -98697807 -91270536 -88821317 -78026029 -75486090 -71606597 -25194834 8040403 27990387 61357487 84529702 102890659 207624199 264315035 268281836 359002618 452522399 498297378 522767999 569472470 595108970 667060485 718095673 754496757 802062808 836407686 837066078 904713602 929399380 934066604 960355543 966356248
935944146 162535886 194781453 79659455 -870916004 148230521 197900432 681978029 -735979999 235318166 -114806018 -814435298 -888315885 -303313912 479868260 -199034167 -585974704 145775363 994604408 384645462 -816814919 -210348649 463011252 -762074140 975807895 677297869 -50217575 -958641575 927426571 -626378092 -116509630 -352660311 -346908790 661424462 -558059527 172124801 572805571 -491382233 -270116398 -438155234 72399633 499155205 58747768 -707573592 -593867990 -468311371 338276219 228661469 -127097351 678837184 607531142 728798060 -419636565 -227866773 -419767496 73928435 333221446 953994871 764521092 701845381 13496895 694043468 -913342736 -249244870 30734201 869130958 781677692 312597375 185196327 -289419892
81 89
-783612682 -465093190 -862311088 -859164016 -949514407 -59999213 -300022338 -644726131 -252703158 -970907270 730419452 -940238326 486416074 599335777 -350397607 -149629531 -666978732 -847304403 -181178340 76798291 740021945 993261984 -694585950 -734171307 -557921188 580003165 938720005 789023515 -943753542 83471595 193215314 385121607 -479375729 -715867476 851440057 841282474 610484650 -357841439 173116834 -980668353 707331509 613453249 692278436 -707185620 119820044 730860318 -801540781 589587146 -415672779 780426603 443185862 -420742809 -384828586 707196150 -500907185 24858007 615819631 -875201144 17092682 204206130 -158458033 -186787033 519131426 -266667875 -437000262 988155839 -33076215 -744811432 331026253 -513279926 325497972 34811252 220611561 922493999 867538097 627207088 -890582766 -574982755 104477939 717260480 -686977424
-380799154 -336182982 -211809265 -51520407 823002283 161876129 319042250 -549093600 -452943970 868522398 -516445634 402031892 -357554738 371553288 948819165 412272761 -416732751 -147682416 588064381 385420536 -572342267 56483665 204265459 -838810921 868479314 -447872286 665350763 -383069367 -549292884 -553419082 -446640772 -686580656 -958252911 135921311 -457027807 -783459051 -956455721 -299945637 229512769 80916191 -736889014 -259557555 -232659107 -501916233 307804040 875453187 904504554 871679312 199348326 -417200721 473866556 -974274229 -758313073 -592317483 415561759 542589188 334883577 -274694208 249540497 160623315 731912542 376172661 -300722781 137798398 -606272288 -111057394 827038275 -785842104 767905353 996219637 -513094164 -628306595 32443635 -640974446 93354577 -303992832 490996378 -5491170 -108385202 367229977 -190287055 -459041908 891968495 -404013289 201787595 363290764 -900188207 -50297806 -482098230
1 93
-609309592
-997481443 -994896810 -968825770 -967594084 -953073452 -891440773 -851578574 -849724561 -808998704 -794096165 -622907570 -606936611 -589951965 -588197859 -570568486 -537498296 -526412839 -465780865 -431722222 -426787690 -417864000 -385122290 -372264880 -362998307 -341904097 -337552807 -336193433 -320296613 -317838966 -302326553 -302262463 -295160087 -270347123 -253035594 -225468288 -216440157 -189920721 -173116617 -166328411 -147007430 -89625546 -85317864 -71487951 -70430214 -57968226 -35657976 -31214334 -7252371 21522830 27498949 45889621 56785030 117905976 135065815 141923858 153196235 176598424 196411080 234872094 252239902 298114957 298571026 312564319 313492223 342169711 384233230 439638191 449389141 457314904 484556018 499338022 517861332 518985437 541146018 619145634 640425509 676653444 685413896 717295343 768218755 768563376 788707997 795870764 806609843 815204189 819836916 868832696 885595340 903999195 905250810 948785254 955210856 963431027
60 8
242989334 663739616 106945302 -156734343 -357159099 237546312 -987821200 908708154 517047590 -873548558 230061284 435553173 -415550783 -358351971 20595158 76250100 -992213472 340506751 550625151 -436459488 573242727 -700251377 -102142263 -885478277 484514397 -457135642 -667069590 -878240558 -285353993 -316789338 -630136043 -606218584 558964957 -8289558 697030751 -519600776 -727360738 -20519750 854033523 38065550 -351728569 -245675775 -929086355 -59227255 -43154550 109142772 13807960 -448755624 127493598 -343197131 172524278 54783619 938711844 -601069505 -563864205 -853420628 -478877321 976880716 463410099 -822582341
513335502 413355833 -678254892 976279813 -57643707 -374505002 705214227 -58672689
9 35
122823764 934748053 819932016 294765085 426532067 -37993167 -377436045 -888159539 898523204
-421160003 165637004 381009864 -293854049 -945061032 -923450726 -593679239 -894305187 386452510 -135309691 -469901056 30165781 -338899279 194200103 141973464 670307068 -475693935 473161368 -706732825 -587535430 -792518104 -719970788 56408674 -698551093 -526083701 239788111 -693665651 401571611 748006795 51086918 234460754 -21662237 -480645272 337543827 265663062
100 100
-919648359 620740817 -25911434 69517168 468302188 687522924 -226323560 -517732304 928872982 478988323 705308847 399340476 984696682 757532610 652646882 46970388 915642790 -465605563 979290477 -872166593 649110161 -542393469 719207311 325220633 -87426684 221568917 -8924238 -658526530 -406594362 -619064339 -71420784 37788603 929685364 396406377 634474714 163876546 827360554 -161736090 -170071407 996401015 987433505 416308670 831467217 163487205 -326608067 294893007 -866546606 -451592224 987464059 341372609 733922739 718608647 490361282 -459668382 -401016113 270849897 457566352 -714147446 -378173099 662422234 504651978 -15851891 -681867074 -898542949 -609455839 27772445 224618534 483666105 -678036370 -190961104 980953030 -883134440 368646619 525859968 -915071633 488812780 -385292833 -953912934 644395402 -116080816 -874854735 -434605934 -589695517 482379542 -63035360 987907461 -132878644 364018510 96099811 -381927423 935466210 507321880 -908926771 562931535 -138637450 -560808450 -294369915 -268071249 91738911 730628687
38377075 -992144228 -846780396 432170487 -830570917 394133132 884210766 -820989797 546537810 -329132556 124213431 161048008 882257780 -572843277 -771023634 -393909659 378390010 914746504 494152183 243402958 410528936 844084323 738483790 -536683217 -243305634 -995054210 673743294 592998033 -455816463 914840079 -795450128 831335606 -275725650 305852322 495976452 -58430489 433447320 292234720 512469565 527441131 616328428 -376529503 -433027201 -746280013 257721440 -696611674 690924534 203941561 -343323007 -589077850 11686069 -599922325 804315472 219009634 2000738 32770429 -329899656 376723585 88184512 451178653 470176667 -27624670 891642040 845380443 -191902037 88638257 272218612 -433972530 957878232 -173043715 528979692 -742909626 -226615472 878855847 -752953861 -757367790 -528645335 812709398 240705220 -755139069 -334713169 -649833356 864180200 628780367 -52643349 720836721 -934133007 220398954 313375965 162304576 -940579928 623447761 897692518 -997569840 41147143 601121567 470559292 174043561 375934279 -150475832
100 100
-10721922 -714091630 -862388877 498933537 807419867 42059157 -89544795 957569814 251876620 -600207606 288892491 288210860 555732579 -949778083 -901260108 622885515 225785783 -616385378 -970859338 863113640 -499837329 256007958 -974428908 -464693397 -266382210 474027579 -603837429 -956639587 -463422396 872376583 -315505166 204597100 399746986 -28615542 -261397871 307557735 -748655922 84190042 -380668700 336950209 -104354977 -249888282 -532311982 108533935 -968547451 -153487992 419015077 22413994 626520344 -233609248 869318752 -28442590 -87331 -144427735 -568955893 841790246 -976070818 316997395 -109684070 355130905 819603392 566810454 728033698 692199979 -321857549 -113402251 -24381442 167153430 -990643412 2512939 -874807508 -44879002 -919355302 -484565997 671382275 177087059 762690202 -568319622 282282686 -200615683 253323237 790680551 259095308 123793460 652689311 -110141854 -784514013 -312461408 903573880 840536819 183256727 -105094808 38500529 318641410 -192820580 465024770 466471053 -306474491 60654994 -516319351
-196874981 982725439 634459493 815807992 -418019081 -53286017 664806198 817860285 -732617275 -355567749 -912642803 -887419196 -573986898 153537316 504408425 -498678868 -574711238 -324241729 61227762 187844651 -224889485 990730374 503109897 438462866 -529340322 -298514988 -82853220 -392618853 -160721939 502146908 558354135 -32939526 -619138350 -937054227 -813165053 913108226 -116162267 -202915273 -640406196 -936382406 -323143018 233230091 -750715722 875113161 -156078442 -366656835 -910479976 15010863 -460013490 337021597 807683327 705926613 -124793984 791486921 -941547870 -580643994 -905002814 -190733526 253800795 493901987 252236383 956709706 -777672066 788766757 132552170 -260187654 -914814978 -989101688 -600501762 -230680639 460033150 -206058320 -889670276 -276759040 742145705 -372097935 306027354 -5725629 -31635000 -816418388 451252571 243767515 -558206824 -909154525 -693790129 -95921666 81774028 -266053649 -33094124 816954266 -176424103 -336203332 60082299 649512315 873664451 -732877977 -865937006 575214520 547495559 37413940
100 100
-862101759 -812754360 708651483 888142267 190286545 693425235 676236389 359473307 70115600 5725508 -452341608 -41965041 675872163 14991550 345666167 -982948387 -265142395 929856475 984372872 -674813357 305214642 -633137950 -333156074 -225292147 972803801 387224107 429859027 -498244678 -959445566 -397049464 627268381 270994544 110224852 -646947896 -268884874 228312075 -427184011 805557645 29228999 -596343467 74603474 -682869525 221836573 368135437 825973665 -824766126 268906632 782322823 449831492 -645194112 685832288 930885930 35728061 -849560691 -597501670 280028271 -644830157 973547738 470403129 720063092 560725322 -835361496 -529989425 -306467392 -75157948 971908000 965499758 -534771388 854518199 112308813 -877289642 -456060044 -518904540 334331868 992764170 728033177 -648218510 -806105155 -798457303 -321336663 464433661 12336427 -854166705 515531952 -205871471 726013245 634795297 -406611414 953625656 -925286952 -166744384 487277777 -940916491 213560774 -525699367 178860304 -513914687 -987054560 77348603 766037619
-70616598 576923113 -612890870 253495470 957176853 394168622 705715354 -298830422 89347283 30299133 -782392249 -401689399 -69668083 -251221480 676675958 424873409 -547716246 451301618 251025447 136838196 -429198765 375488632 363664213 264935482 -645192241 223328542 264881644 -939942704 368270482 -279202632 -882063351 620215954 491368994 768787883 433526403 -207984754 -116694354 -958154831 -425319921 306558914 -55506500 752628477 773052800 507947190 543265657 -605352416 333784334 -146822137 234291677 -718630148 463186406 -203858954 325138385 -934442356 -23775103 80528292 623927177 710069860 -747529161 232007517 -374235194 784033057 112349439 538914772 -241941471 -554408911 -357031959 297380541 434930463 64730688 -236421034 877046020 808646391 991464163 -655286909 -636616841 27825477 490874485 374947545 395595056 655985061 -144958681 937880470 -781663175 -84875751 -863337299 54993685 -327312898 -4393208 722326154 992742318 127581419 856026261 815459450 -763404748 -659621047 640981232 826785570 -701403925 124623407
100 100
-985751157 -965723960 -962348340 -932370874 -931611731 -921841284 -910484310 -845965504 -815780220 -786601982 -776809086 -757152727 -747619353 -734526992 -727973206 -706566489 -704827349 -663983771 -656268552 -592964706 -583749511 -568770042 -550210740 -531051902 -516112540 -498088873 -478478315 -427887250 -412841242 -411736991 -383322620 -345868921 -324216644 -323036364 -302947576 -247980831 -220388838 -219076658 -186949556 -172579112 -166548159 -158969456 -155700956 -120529309 -106749351 -104974827 -72462567 -41074926 -20142577 8775060 33792300 43118668 77688883 115314397 133355003 137801246 193873160 195231218 203385867 209034891 217059907 222317874 236283759 301925233 303181522 305861395 337813262 338328132 349265220 374931354 437041591 443206363 476565541 479455486 524165378 525590987 580867405 584820302 632773989 638885684 654348320 706007673 710868627 727497748 737356114 767860890 776097940 800308300 848680608 864404289 876208094 880651808 913693168 936522021 943373104 961706836 964034073 972200018 987376061 992568953
-996610359 -995364264 -994813434 -990347604 -945830012 -916630269 -895998102 -885745172 -880900990 -874262970 -869222866 -858899646 -824992657 -797185033 -766802536 -737898634 -726067262 -687688208 -680994943 -647722957 -642707871 -634413990 -573453084 -569262114 -557874476 -534255502 -524556616 -506008518 -485355341 -473777537 -468900674 -433749776 -420870440 -415726341 -349606453 -343296932 -327968917 -324466405 -272355420 -268146678 -262572531 -229599728 -141001973 -133372980 -97932667 -87187427 -48309096 -26649679 -5335169 2148372 7692961 24722117 43513740 69571801 109249408 201065610 210767082 239579805 268076887 280459929 299258069 309969570 327490134 349812158 351503609 371390078 381363958 400880947 438496791 448888552 463653806 476221697 478039480 517726668 524081535 537069311 552229832 577727520 600916528 606311002 633806363 645947698 651084115 669837512 675280286 679343077 685652448 687908692 723233962 735724032 777133941 783680278 807151233 828130964 861792396 882266478 884987398 926802399 943920855 952778654
100 100
720237256 109244535 -160014881 -470310195 651144217 107469065 -20595775 895986455 865023106 649938964 624697110 145053183 818428818 -111314379 678389517 169504099 234225033 574065174 -315899171 -492585367 -821583418 -633103609 -802288800 157000006 -809543843 -148163340 -760512697 789934305 988887317 413553717 -815731520 -416194616 -420920709 -458307726 827318776 386047001 -262729634 -271294279 -365738166 226222217 212046902 -465249432 414657557 -781449979 503255029 -57171920 451673408 633832918 840595390 146139071 113054129 67508225 789557761 105443117 -695488223 654323016 -910244591 401235533 -997950443 -283126201 934957969 -22769415 845547167 298673471 -365845423 -663468144 365396149 -357301352 -914394697 786787294 -756588919 -863513390 -209277779 982224194 954390833 155843871 -198445556 578089787 853084442 784211884 -773640117 -659218548 845857038 399352111 133096323 -646805752 66848652 -729733510 623042051 520905048 -484832274 304033802 664198755 845327050 550824502 -808302180 -937896731 308912460 -157066003 956780666
-99932496 -206062898 -401515655 268017123 -37769826 790260594 511101954 471069915 -125681778 -354536301 -691208837 -960930921 471509717 295852727 -763100315 819451165 -584646837 732875163 27450502 -760615342 -804246815 682488610 -488560100 -384226634 714082984 -75961157 502442739 833020316 -103750317 -652021756 -243125991 711248019 -842768592 567980908 12293998 -793477264 892560578 -26562612 23448463 267925625 -992481646 -344442827 863797601 -502552473 188642742 -998197378 462442690 -226628981 -204074726 -624356691 -190960528 248376473 -312802332 415688307 -685611986 896656255 410849700 -13197088 179947116 -136073441 -713229080 913613739 -79017550 781123529 -19818009 865964079 -458247048 -970603506 -660373666 194005696 557775640 333822806 891282934 28619331 -399257331 70007203 527695683 860875800 906571703 -730930833 -666835532 109212117 921926168 -809093933 -198844332 -268932613 990264800 -914018368 487395468 113142618 -544615885 -331660889 515841503 167760481 700483899 201687296 -350043535 333889465 601365598 324863060
