100
4 2
5 2
6 2
1000 1000
1000 1
588368 516912
381165 302515
500000 262143
500000 131072
261651 211049
352090 278368
3 2
311381 284549
883013 724541
423363 396664
1000000 262143
999999 2
500000 249998
470383 406134
804408 692951
1000000 500000
392765 391681
1000000 475713
999999 262144
297796 271032
999999 999999
670977 621771
500000 500000
1000000 478325
455933 432913
500000 199327
1000000 127
2 1
999999 475711
787435 612846
999999 524287
362833 294439
999999 499998
606578 539630
471315 367264
502073 395782
2 2
838908 824412
622626 508917
1000000 128
708973 567261
999999 499997
500000 262144
500000 1
655955 589400
500000 131071
500000 128
748281 729321
500000 127
500000 499999
500000 250000
1 1
1000000 2
999999 127
999999 128
1000000 1
594634 460732
999999 475712
500000 2
484764 382821
999999 524288
999999 499999
707533 563171
500000 249999
427737 335147
5 1
1000000 1000000
991378 968880
1000000 262144
1000000 524287
1000000 499998
633650 540089
999999 1
1000000 499999
3 1
1000000 475712
500000 237857
701437 701268
999999 262143
738798 675293
999999 476540
352123 340566
526364 501117
4 1
350947 317425
1000000 524288
1000000 455998
460130 394549
608049 596979
999999 364439
1000000 999999
378211 288951
500000 249449
999999 999998
500000 237856
