100
4 2
5 2
6 2
1000 1000
1000 1
557 504
1000 499
1000 489
999 128
408 385
999 487
500 255
999 255
999 512
500 117
500 154
777 625
500 2
1000 2
999 256
500 91
900 686
999 498
931 854
500 500
999 999
500 252
1000000000000000000 128888888888888888
723 662
3 1
772 764
500 127
500 128
2 2
451 347
1000 488
703 651
999 511
1000 127
2 1
500 256
476 463
5 1
717 712
469 452
756 577
1000 498
673 522
572 549
1 1
829 707
999 998
327 263
999 499
713 664
500 244
910 790
351 291
1000 255
3 2
412 360
1000 505
477 359
689 671
999 127
500 245
439 330
999 488
991 804
999 500
500 249
824 724
333 249
593 542
377 376
782 590
500 116
999 1
842 784
999 2
999 400
1000 486
1000 999
1000 511
4 1
500 248
792 684
999 497
536 514
1000 256
1000 500
491 374
1000 512
500 250
500 1
611 539
500 499
404 340
835 814
388 306
