100
4 2
5 2
6 2
1000 1000
1000 1
1000 500
921 884
988 818
387 336
942 760
999 998
999 256
1000 489
1000 255
898 739
999 367
451 407
4 1
1 1
1000 467
2 1
1000 488
582 478
1000 999
996 874
500 127
2 2
693 634
999 488
571 533
433 431
3 2
999 128
334 280
740 597
1000 491
999 512
368 317
500 499
999 255
3 1
1000 128
1000 512
500 1
500 128
999 498
500 255
588 475
500 250
999 127
999 499
399 326
999 999
1000 511
999 2
500 2
846 748
324 256
500 256
999 511
500 117
460 383
371 303
500 248
728 657
808 644
739 556
1000 499
929 727
1000 2
711 672
999 1
419 364
1000 256
1000 127
5 1
942 721
999 489
555 506
667 600
500 245
500 249
500 69
380 311
500 203
291 227
337 266
500 500
500 244
568 545
350 302
500 116
945 841
634 498
999 487
777 608
1000 498
853 745
999 497
364 338
