50
321 3
123 3
422 2
12738173912 7
58536 8
82579 13
67343 17
45296 15
18986 17
21876 5
87222180 15
45858751 14
05336770 20
61304984 6
79989938 4
4341804461 3
5445805162 13
4792263337 19
5191876980 2
1711894184 9
52511971885412 7
49157992377848 5
78796407543511 7
65694128653196 15
27824281475553 6
15885373324875 11
29455260201269 8
61705779655618 8
72726525644364 3
67146752394960 4
47602409351900 4
41112146930480 4
27318536639822 18
63972768260976 20
86764038429563 14
28123507908518 3
89921732738097 14
59926148629055 13
10660938096786 7
34631472164088 6
65510277626702 4
92852414890294 12
59042232131260 19
20848922433471 3
25605646697657 10
70872573919003 13
29659577684068 11
22475766955755 11
03130317642969 12
44703564656527 7
