100
6
3086.213628717649 1039.380453492861 -852.938990977389 -357.870619362003 -5.984775270532 10.626558395041 1.000000000000
3
-42.559400823975 36.570196240496 -10.474391816777 1.000000000000
3
-0.349194218904 3.794986098556 6.013771172310 1.000000000000
4
-6.829871230900 9.276434211104 0.715759320380 -4.208177192047 1.000000000000
6
-37.060199963754 0.176363256903 52.625788860093 1.021862346465 -17.275226778164 0.532375717458 1.000000000000
6
-166.348891549076 -727.175848475491 -593.438217755354 -148.529250180693 10.432862410571 9.293917659273 1.000000000000
3
-25.663373538282 -25.587698438973 2.092889138088 1.000000000000
5
-681.317146922206 497.005847890832 31.200392333707 -44.198238643461 -0.021140971364 1.000000000000
2
-24.730688080362 -2.721340264532 1.000000000000
7
1866.566943125769 -6611.717899406497 -971.098768050142 3977.121159297949 -1775.012067257383 337.668229799897 -29.803535376043 1.000000000000
5
-147.066833186548 122.008641935110 29.940193743630 -29.187012533394 0.580274579106 1.000000000000
3
-124.845786605386 78.852991458381 -15.673786880111 1.000000000000
5
-1597.724825973749 2255.823056134410 238.768322358092 -102.238771286063 -3.157596319380 1.000000000000
8
-1055.474432864246 -2694.047233918665 4473.090212960848 2597.185724780003 -3820.790380009862 1064.243529246557 -44.534279280769 -12.363148635425 1.000000000000
8
-53961.913861389126 -35443.135143149550 6438.483938380272 7957.472571002973 702.310439635731 -396.980225313335 -59.255235180368 5.551169863003 1.000000000000
5
-86.650908055947 201.915452875771 101.406210593759 -36.685257197417 -3.492175698311 1.000000000000
8
2078.852492014415 -5004.312499744620 3487.737262458653 124.629015084110 -959.172461004756 273.302778530193 8.866013689972 -11.072397838913 1.000000000000
4
0.788976732930 24.490041592489 24.910336364641 -10.899595039584 1.000000000000
3
172.546420419398 -39.388745216465 -6.012074247781 1.000000000000
6
-2678.037691553056 2678.462761230855 -707.105352659119 -122.809315127893 94.905114646986 -16.848124844439 1.000000000000
8
-16117.383254272669 -8000.929334302644 10150.467754557780 5614.537447673650 -218.451800944573 -443.786396698211 -34.044514032065 8.769400939513 1.000000000000
4
160.356257799567 -14.096937817733 -30.087906036686 2.561651058757 1.000000000000
7
33777.662376314031 -37662.462757747970 1983.332943348052 4258.860229050661 -127.488042980424 -124.214035533035 1.722513989932 1.000000000000
8
11785.734648969699 -8866.046477222566 -4378.816738259656 5045.813146350754 -658.625841043106 -490.806940797065 185.042719714993 -23.251043412864 1.000000000000
3
19.451129517403 -12.715710185363 -0.466763049264 1.000000000000
7
1.934500825020 11.013234470266 -34.849198001655 5.917842516747 25.571803292675 -5.546665963981 -4.302104723084 1.000000000000
4
-95.229009170200 125.057954156470 -39.583328543552 -0.245723023849 1.000000000000
5
-353.875164082942 -342.114346841449 -0.967829285423 54.824619342852 13.839526580792 1.000000000000
4
14.906580792268 32.274606098980 25.114883456096 8.334865612071 1.000000000000
8
-75636.416996009590 -297.648195065346 59566.401583355582 -253.468433658766 -7591.300055928741 1295.646503951343 27.034019288259 -18.515619957093 1.000000000000
6
1403.945780239291 1777.333098218484 -2029.129658906789 -891.263254429088 -49.046764857128 11.714164370717 1.000000000000
3
-14.556832528674 -8.670308768999 3.652492828748 1.000000000000
6
-215.327543411217 -974.759215354229 -964.488184305000 -346.180689582431 -31.791417451190 6.215088989728 1.000000000000
7
-44818.113311407462 80014.763391580345 -56779.069748327383 21075.637306511620 -4475.946956234762 549.024146919498 -36.262902492132 1.000000000000
3
5.305540857278 -8.980355147025 0.324595098493 1.000000000000
3
131.591103841870 -69.531366994060 -3.405732090468 1.000000000000
3
57.998528356353 -26.825343114092 -0.578463871844 1.000000000000
6
2464.270474075606 1858.950623926261 83.699928765802 -203.518010736824 -31.838659193875 5.280655692722 1.000000000000
7
2045.685277360102 -1325.558272847420 -820.340949965388 473.885158248082 101.981754545148 -39.736899345182 -3.350656885048 1.000000000000
7
32646.020983337465 31787.739573023187 -27201.343434254813 2648.796758069989 964.888873505418 -116.341410743651 -8.066855535467 1.000000000000
4
23.377717645057 41.336042763827 -20.009608625016 -2.813046469622 1.000000000000
2
-4.673664046825 -0.901754149835 1.000000000000
6
-11633.458455412680 -2786.724009686522 1848.802055969457 191.510166924943 -79.841985273568 -3.016757601592 1.000000000000
5
98.693400317272 -201.826081098847 78.139154063436 8.410934142991 -8.237402615545 1.000000000000
7
-111.032331716160 46.562242322437 143.377564146236 -18.413004456062 -52.990755904534 -2.219937148236 5.970481119477 1.000000000000
8
-163180.505090296938 -51022.350816353683 29087.330276155459 10846.384419747608 -1115.662771477854 -680.748743820212 -24.075236377327 11.619883967791 1.000000000000
5
2.220822041658 -25.596839329678 39.628475360855 0.860461019546 -7.822849522714 1.000000000000
6
0.262094143319 -0.588589906760 -4.995995692487 15.618230959124 -9.771808024830 -0.362246582441 1.000000000000
2
11.071930346396 7.238129931834 1.000000000000
7
4121.100427485471 263.370067221526 -2815.911814331257 616.095316946435 240.672862584376 -64.458462710160 -2.767865549036 1.000000000000
4
421.252142563876 13.684012673401 -45.069296286452 -1.144854779274 1.000000000000
7
-1962.382379460118 -2080.181701100752 -42.368066686990 481.577055944117 58.903596801478 -37.320354043032 -2.884863533982 1.000000000000
4
667.078682816809 -547.975117585332 163.639644921871 -21.144431950401 1.000000000000
4
-78.938060146868 105.116601166714 -26.405653046412 -3.302778295821 1.000000000000
6
-4673.315985511234 -621.150519690530 1184.943695871332 20.165874707619 -67.911009731566 0.603687246818 1.000000000000
2
46.298983080354 13.646076693659 1.000000000000
5
-155.664024561132 44.257896948555 51.752374648780 -13.764312114906 -4.034668616858 1.000000000000
4
-0.619199416360 -2.075822348041 2.821966783045 3.850570224461 1.000000000000
2
-8.207182466172 -2.927891202315 1.000000000000
7
-3102.152264055944 -9690.938291559492 -1413.825225562474 1680.143395569139 231.486102846032 -71.247363520353 -5.227043869987 1.000000000000
2
-4.384186538036 -0.764101707476 1.000000000000
3
9.308715579942 -3.904203165756 -2.362715702890 1.000000000000
4
-5.586417402007 32.052960630806 33.730370788615 10.371672969838 1.000000000000
6
4982.134331353282 512.293851189340 -2245.619566046096 -836.968278606383 -53.359595143070 10.052503093948 1.000000000000
7
-346481.671772150905 -109676.808416142696 18142.325761633358 6989.758838892203 -296.605192081924 -145.954195258422 1.443312963204 1.000000000000
6
3106.281370083865 3080.893526855458 339.287034884593 -309.091975580803 -46.298741270081 6.527191331782 1.000000000000
2
6.559039157711 6.151432992314 1.000000000000
6
-9.851622470875 472.949214961143 -560.207383541910 -228.852397417587 15.378246667010 11.979474266748 1.000000000000
8
0.217601686758 -4.034427797989 24.208356105861 -47.640791996962 -15.136415235361 86.246152114304 -25.357435268465 -3.340366964374 1.000000000000
6
-46.327460417004 -534.683562449075 57.556161244124 155.880640011702 -34.216543223917 -4.235971688606 1.000000000000
2
0.370529379957 4.727397532885 1.000000000000
8
16.352053931189 -86.238202812812 26.580190682348 263.538846502463 -146.478591989763 -149.679146394352 -12.259039423292 6.961058900072 1.000000000000
8
6030.320405479394 -7969.057843070236 -15967.906076691486 22097.423233552377 -6990.664097801670 241.748042701516 178.956983717259 -25.359313700372 1.000000000000
4
-185.095263753309 -34.930422508923 64.715651478995 16.285645363506 1.000000000000
7
6140.447213667305 -93.797415232220 -3868.956542239323 -1292.270339656784 135.681698082261 122.775350246197 19.549422750836 1.000000000000
2
-14.849927560021 1.404852330897 1.000000000000
8
-82.143502783300 -190.149325353017 -32.347135535172 197.315524851237 122.339632457217 -21.446789171256 -23.118023361746 0.030917173247 1.000000000000
8
31548.449802129766 -31342.165465744645 -25534.190698737122 10369.725259178163 4170.292142002667 -359.041492869213 -123.966185339635 3.218084685695 1.000000000000
6
-24.766214753718 -45.060022043234 198.752659591910 -197.567433182220 81.183818903904 -14.841995796085 1.000000000000
4
5.598818772289 104.993101334516 -12.795557153949 -6.664834739120 1.000000000000
6
55.144633312119 1331.229637937163 780.453262990532 -79.175537537666 -82.426040445932 -1.129326469877 1.000000000000
8
4105.132312654129 1199.321701170313 -2945.026428859213 -739.780186092011 588.697814657236 102.518081665377 -42.699301538766 -3.432824195988 1.000000000000
8
59178.136135117529 18846.820981793924 -54534.940067561263 20496.296389756193 -298.066132849818 -1341.890547388618 315.199739778806 -29.290416741818 1.000000000000
5
255.049311604898 465.755275170747 318.259739070652 103.799187622622 16.338927089572 1.000000000000
2
7.959462817693 -6.402243501101 1.000000000000
4
478.560498535569 55.942420176149 -47.487981739976 -1.899843789235 1.000000000000
8
307.332402411492 -2042.773266723863 -3948.385234069947 -1837.301813547910 286.278418947439 472.307562821046 148.329338653415 19.874570216378 1.000000000000
8
573527.248153213761 374300.295133580163 -79479.202358800801 -35975.890869636154 5125.187693443815 974.044218266149 -126.953826499055 -7.850159156210 1.000000000000
4
48.182020001318 -77.387881148670 45.181146979967 -11.268248269895 1.000000000000
3
-14.149542938849 -17.085374848351 0.452340522411 1.000000000000
4
527.934233246455 -12.599484334846 -51.688303439164 0.930738042712 1.000000000000
8
439.154537058724 -249.565635840518 -1549.403263542269 724.169278498330 522.353330514837 -163.366930983609 -55.896389986675 3.676006765961 1.000000000000
3
-91.511901974676 -22.086091560734 4.493658887484 1.000000000000
3
-7.994718653238 -11.160116956915 -2.556446480844 1.000000000000
6
541.698396873534 -89.044131749537 -308.855519166860 101.954355989087 18.490378580992 -10.330673515873 1.000000000000
7
-0.538802105752 12.616097868380 -69.721092865870 -54.585064741565 75.025079398639 -6.456572686625 -6.105553132448 1.000000000000
8
-59532.879315288927 129327.992735832027 -104449.330656077844 38025.093721602876 -5076.255993263108 -524.466904493930 241.510024900603 -26.643188648496 1.000000000000
3
-152.741312101669 90.360159142164 -16.876968237855 1.000000000000
8
2297.575066918375 10780.384094152658 1511.870625478633 -4245.460944774251 -1527.866813480081 120.850687915112 127.623973174033 20.090883278495 1.000000000000
5
-1393.268192835012 498.185915487495 211.460166237940 -62.991848729147 -3.040416268593 1.000000000000
