-6.492560849362 -4.796923055739 -4.625635871992 -2.090764206534 1.854662600810 5.524662987776
3.472990373168 3.478137134231 3.523264309396
-5.282907545562 -0.812241929859 0.081378303111
-1.496218445745 1.023588652259 1.331479250175 3.349327735357
-4.084192568835 -1.442751938034 -1.074828787243 0.978999443056 1.837406033429 3.252992100170
-3.791436618016 -3.260159147368 -3.249004346404 -3.158774202475 -0.294050276402 4.459506931408
-5.761119957187 -0.962053397056 4.630284216156
-5.015785157629 -4.973818026669 1.523203450497 3.960366616584 4.527174088581
-3.795114123228 6.516454387760
-1.075401435255 0.282532962056 3.528208173399 4.413302366152 5.155235472813 8.581020571953 8.918637264924
-5.770094183824 -2.193342753111 1.254074002552 2.710679306634 3.418409048642
3.227241708149 6.013177554247 6.433367617715
-8.325620052631 -4.748036835599 0.674266708151 7.028958737717 8.528027761743
-9.380032339928 -0.894726152382 -0.287770723571 0.866182423562 2.216149510657 3.353727457625 7.940825517871 8.548792941590
-4.867156402535 -4.592474440764 -4.530552812317 -3.028334656680 -2.256650220782 2.487796781317 5.148268416640 6.087933472119
-5.398103522852 -1.699926200303 0.369909722589 4.344484906719 5.875810792158
-4.939881322603 -2.103869778396 0.998807232632 1.354278484110 1.450324411554 3.616521766156 4.708427050717 5.987789994742
-0.706029019342 -0.033365146537 5.207990626439 6.430998579024
-5.827615247088 3.588289037375 8.251400457494
-3.078991818167 3.085605886331 3.296332946016 3.399821366734 4.311362897931 5.833993565593
-6.470366224440 -4.950395998043 -4.047372336399 -3.111464678795 -1.309090970955 1.284212168385 4.273475216117 5.561601884617
-6.330617696840 -2.553768363909 2.886662215781 3.436072786211
-9.141815841019 -5.679168540084 -4.819108500386 1.101838907390 2.382060381725 6.413175529810 8.020504072633
-2.361529709088 -1.546166801032 1.671548492734 2.665548262303 3.039728716339 3.692521272561 7.626394271261 8.462998907786
-3.970133775163 2.069620983819 2.367275840608
-1.810942144509 -1.663592334947 -0.125412135983 0.598038656339 0.941488335908 2.167913932097 4.194610414178
-7.492060530789 1.214399179895 2.846946074616 3.676438300127
-5.779200980705 -4.625064459015 -4.482115878435 -1.273174548973 2.320029286336
-2.932244227761 -2.538767777306 -1.651005647291 -1.212847959713
-8.352853593432 -2.064309775934 -1.303630413975 1.230618872160 6.634955198819 6.828823048240 7.568356258669 7.973660362545
-9.717403701168 -6.686824690641 -4.467225986796 -0.536322363541 1.042413501917 8.651198869513
-4.824255603825 -1.247335085015 2.419097860093
-4.632392745430 -4.008180950250 -2.565146572082 -2.045122605105 -0.301296347018 7.337050230157
1.593094830409 2.759716559495 5.486724824276 5.841621922218 5.927040033819 7.158328841712 7.496375479957
-3.412157391947 0.633634524853 2.453927768601
-7.752556610277 1.817103169045 9.341185531701
-5.787764396519 2.849453537808 3.516774730555
-5.106359921656 -3.429712243164 -2.863256863802 -2.614906245157 3.841849544390 4.891730036667
-4.264251788015 -3.549301283466 -2.082475605086 1.516308393845 1.711160760746 4.724124671800 5.295091735224
-8.713012696758 -6.763871656551 -0.649265472973 3.113005801359 3.581637371886 8.585454187766 8.912908000738
-4.127894324687 -0.467760964125 2.433582422290 4.975119336143
-1.757505632747 2.659259782582
-6.508890485341 -4.944697470718 -2.236387375266 4.133180887156 5.639709455639 6.933842590122
-3.257691632180 0.665280266966 3.087367682595 3.384805420632 4.357640877533
-3.922275267150 -3.345467640239 -1.905035764251 -1.431168884897 0.890646564530 1.738905504001 2.003914368528
-6.484273264881 -5.378676183611 -4.978461340955 -4.138952953303 -3.372295078708 3.051011468825 3.672358298578 6.009405086265
-2.223637807981 0.103277557388 0.576544809777 2.411635860977 6.955029102553
-3.624203972661 -0.210498282898 0.261510828436 0.438282988951 1.503477364750 1.993677655862
-5.042336156215 -2.195793775619
-7.619685979826 -3.470333189122 -1.107636625767 2.048394843862 2.773522322387 4.093635695855 6.049968481647
-5.045583133012 -3.690098189848 3.605716740157 6.274819361976
-3.990594097013 -2.014686321272 -1.979617537361 -1.782393334188 2.928923588824 4.730608614218 4.992622620774
3.269315094411 4.949281215162 5.726272240351 7.199563400476
-5.484619713111 1.056618578742 2.716547026415 5.014232403774
-7.252972099488 -4.419730649799 -1.965974203566 2.967085657907 4.443682326901 5.624221721227
-7.327884067770 -6.318192625889
-2.874066581436 -2.222032097787 2.085413029380 2.673549980098 4.371804286603
-2.168609095756 -2.020594326470 -0.242966328089 0.581599525854
-1.753245594485 4.681136796800
-5.542780339868 -4.008732891434 -2.528627944873 -0.344072870369 2.986585074179 7.150662602279 7.514010240073
-1.746363906800 2.510465614276
-1.980804598186 2.041068404304 2.302451896772
-4.698574330249 -3.639305294137 -2.183420819332 0.149627473880
-8.021383371098 -6.566934284815 -3.371677281007 -2.408780479727 1.290215321418 9.026057001281
-7.146864399604 -7.032329499642 -4.387550618865 -4.350207393543 6.345635622928 7.020873997600 8.107129327922
-6.798173165916 -5.677111086311 -2.286461556617 -1.527272926087 4.000614213707 5.761213189442
-4.778946605984 -1.372486386330
-6.534315711504 -5.410708061054 -4.832648958241 0.021376154971 0.654297799787 4.122524509292
-5.064850713985 -0.824208205076 0.116004137447 0.204535040108 0.229468211015 0.649916457679 2.837020152398 5.192481884789
-5.717133936948 -1.756624184053 -0.086036945258 2.945719763261 3.250532018377 5.599514973227
-4.647673914846 -0.079723618039
-5.038885203014 -4.316531348124 -2.845092927675 -0.654899867944 0.245882428475 0.580651404406 0.637969430436 4.429847183367
-5.888151859872 -0.584388679275 0.537158207671 1.425063230946 3.388415607516 7.506638099940 9.461448356062 9.513130737382
-8.381837982440 -7.732717044806 -1.777612710724 1.606522374464
-6.489128977354 -6.430559051285 -4.615179389730 -3.907800192774 -2.350859642883 1.105979154288 3.138125348902
-4.619482468073 3.214630137176
-3.274611014775 -2.052307663417 -1.083309392377 -0.978018253420 -0.894877359286 1.045728546010 2.793651554671 4.412826409347
-8.531242259185 -7.052609380064 -3.796595692551 -1.648492415097 0.734050122527 2.030511593629 6.899407364503 8.146885980543
-0.237145713662 1.109398775093 1.312254794013 3.242391071094 4.516419371427 4.898677498120
-3.812720593938 -0.052992866978 5.152874946002 5.377673254034
-7.195511453321 -2.344654732164 -2.319316282912 -0.042486458350 3.468821045617 9.562474351006
-4.487625534513 -2.912565153760 -2.056156012601 -1.481335324213 1.504909871932 2.700027913191 4.406530136068 5.759038299885
-3.577393677607 -0.793739747829 3.164322327458 3.837377424648 4.487133199990 5.531493112095 8.032589898851 8.608634204211
-4.438687500653 -4.240688408081 -3.279966649118 -3.004720709237 -1.374863822482
1.688601455098 4.713642046003
-5.623026375628 -3.087158740044 4.546714210224 6.063314694683
-5.232697593940 -5.113378570981 -4.199887089116 -4.111286681545 -2.105449113563 -1.278892695541 0.120729358180 2.046292170127
-8.025042034319 -6.455033643415 -3.724587240379 -1.417267391541 5.014999682487 7.020266308707 7.701449118980 7.735374355691
1.878108515620 2.071011901151 2.657085259528 4.662042593596
-3.901778145620 -0.844539737965 4.293977361174
-6.628996411968 -3.735212517978 3.754371762888 5.679099124347
-7.243295539358 -4.246228996439 -2.242858783804 -0.573876592589 0.542106145382 1.678080027935 1.862404622234 6.547662350680
-5.474631585492 -3.627304843161 4.608277541169
-1.292174393274 -1.220526326929 5.069147201048
-2.995673193801 -1.308316752046 1.840973550698 3.429758534287 4.505507634071 4.858423742664
-3.354073761019 -0.769848445602 0.081378140885 0.085669089139 1.815354238932 3.405254022190 4.841819847923
-5.580687118906 1.250181924461 1.866367882680 2.612234166292 5.129128478693 5.328625607410 7.506310879089 8.531026828776
3.539988177306 5.518989322569 7.817990737980
-7.443908330062 -5.709190326173 -5.355938638979 -3.621997588968 -2.474359678771 -0.224256586406 1.600174401958 3.138593468906
-7.498576618731 -2.865842538887 2.130428730452 4.477187392445 6.797219303314
