50
8 22
0 1 0 2 0 3 0 5 0 7 1 3 1 4 1 5 1 6 1 7 2 3 2 4 2 5 2 7 3 4 3 5 3 6 3 7 4 5 4 6 5 6 5 7
8 13
0 1 0 3 0 4 0 5 1 2 1 6 1 7 2 5 3 5 3 6 3 7 4 5 4 7
8 21
0 1 0 3 0 6 1 2 1 3 1 4 1 5 1 6 2 3 2 4 2 5 2 7 3 4 3 5 3 6 4 5 4 6 4 7 5 6 5 7 6 7
4 2
1 3 2 3
8 24
0 1 0 2 0 3 0 5 0 6 1 3 1 4 1 5 1 6 1 7 2 3 2 4 2 5 2 6 2 7 3 4 3 6 3 7 4 5 4 6 4 7 5 6 5 7 6 7
8 2
1 4 1 7
8 26
0 1 0 2 0 3 0 4 0 5 0 6 0 7 1 2 1 3 1 5 1 6 1 7 2 3 2 4 2 5 2 6 2 7 3 4 3 5 3 6 3 7 4 5 4 6 5 6 5 7 6 7
4 6
0 1 0 2 0 3 1 2 1 3 2 3
2 1
0 1
6 13
0 1 0 2 0 3 0 4 0 5 1 3 1 4 1 5 2 3 2 5 3 4 3 5 4 5
4 4
0 1 1 2 1 3 2 3
10 44
0 1 0 2 0 3 0 4 0 5 0 6 0 7 0 8 0 9 1 2 1 3 1 4 1 5 1 6 1 7 1 8 1 9 2 3 2 4 2 5 2 6 2 7 2 8 2 9 3 4 3 5 3 6 3 7 3 8 4 5 4 6 4 7 4 8 4 9 5 6 5 7 5 8 5 9 6 7 6 8 6 9 7 8 7 9 8 9
8 21
0 1 0 2 0 3 0 5 0 6 0 7 1 2 1 3 1 4 1 5 1 7 2 5 2 7 3 4 3 5 3 6 3 7 4 5 4 7 5 6 6 7
4 5
0 1 0 2 1 2 1 3 2 3
10 16
0 1 0 4 0 5 0 6 0 8 2 3 2 6 2 8 2 9 3 5 3 9 4 9 5 8 6 7 6 9 7 8
10 43
0 2 0 3 0 5 0 6 0 7 0 8 0 9 1 2 1 3 1 4 1 5 1 6 1 7 1 8 1 9 2 3 2 4 2 5 2 6 2 7 2 8 2 9 3 4 3 5 3 6 3 7 3 8 3 9 4 5 4 6 4 7 4 8 4 9 5 6 5 7 5 8 5 9 6 7 6 8 6 9 7 8 7 9 8 9
10 24
0 2 0 4 0 5 0 8 0 9 1 2 1 3 1 7 1 9 2 5 2 6 2 8 3 4 3 6 3 8 3 9 4 5 4 8 4 9 5 6 5 7 6 7 6 9 8 9
4 6
0 1 0 2 0 3 1 2 1 3 2 3
10 41
0 1 0 2 0 3 0 4 0 5 0 6 0 7 0 8 0 9 1 2 1 3 1 6 1 7 1 8 1 9 2 3 2 4 2 5 2 6 2 7 2 8 2 9 3 4 3 5 3 6 3 7 3 9 4 5 4 6 4 7 4 9 5 6 5 7 5 8 5 9 6 7 6 8 6 9 7 8 7 9 8 9
2 1
0 1
2 1
0 1
10 39
0 1 0 2 0 3 0 4 0 5 0 7 0 8 0 9 1 2 1 3 1 4 1 5 1 6 1 7 1 8 1 9 2 3 2 4 2 5 2 6 2 7 2 8 3 4 3 5 3 6 3 8 4 6 4 7 4 8 4 9 5 6 5 7 5 8 5 9 6 7 6 8 7 8 7 9 8 9
8 26
0 1 0 2 0 3 0 4 0 5 0 6 0 7 1 2 1 3 1 4 1 5 1 6 1 7 2 3 2 4 2 5 2 6 2 7 3 4 3 5 3 6 3 7 4 5 5 6 5 7 6 7
4 5
0 1 0 2 0 3 1 3 2 3
8 24
0 1 0 2 0 3 0 4 0 5 0 6 1 2 1 3 1 4 1 5 1 7 2 3 2 5 2 6 3 4 3 5 3 6 3 7 4 5 4 6 4 7 5 6 5 7 6 7
8 27
0 1 0 2 0 3 0 4 0 5 0 6 0 7 1 2 1 3 1 4 1 5 1 6 1 7 2 4 2 5 2 6 2 7 3 4 3 5 3 6 3 7 4 5 4 6 4 7 5 6 5 7 6 7
4 6
0 1 0 2 0 3 1 2 1 3 2 3
6 11
0 3 0 4 0 5 1 2 1 3 1 4 2 3 2 4 2 5 3 4 4 5
8 24
0 2 0 4 0 5 0 7 1 2 1 3 1 4 1 5 1 6 2 3 2 4 2 5 2 6 2 7 3 4 3 5 3 6 3 7 4 5 4 6 4 7 5 6 5 7 6 7
6 12
0 1 0 3 0 4 0 5 1 3 1 4 1 5 2 3 2 4 3 4 3 5 4 5
2 0

4 6
0 1 0 2 0 3 1 2 1 3 2 3
4 4
0 1 0 3 1 3 2 3
10 36
0 1 0 2 0 3 0 4 0 5 0 6 0 7 0 8 0 9 1 3 1 5 1 6 1 7 1 9 2 4 2 5 2 6 2 7 2 8 2 9 3 4 3 5 3 6 3 7 3 9 4 5 4 6 4 9 5 6 5 7 5 8 5 9 6 7 6 8 7 8 7 9
6 15
0 1 0 2 0 3 0 4 0 5 1 2 1 3 1 4 1 5 2 3 2 4 2 5 3 4 3 5 4 5
10 40
0 1 0 2 0 3 0 4 0 5 0 7 0 8 0 9 1 2 1 3 1 5 1 6 1 7 1 8 1 9 2 3 2 4 2 5 2 6 2 9 3 4 3 5 3 6 3 7 3 8 3 9 4 5 4 7 4 8 4 9 5 6 5 7 5 8 5 9 6 7 6 8 6 9 7 8 7 9 8 9
8 24
0 1 0 2 0 3 0 4 0 5 0 6 0 7 1 2 1 4 1 5 1 6 1 7 2 3 2 4 2 5 2 7 3 4 3 6 4 5 4 6 4 7 5 6 5 7 6 7
4 5
0 1 0 2 1 2 1 3 2 3
4 5
0 1 0 2 0 3 1 2 1 3
10 40
0 2 0 3 0 4 0 5 0 6 0 7 0 8 0 9 1 2 1 3 1 4 1 5 1 6 1 7 1 8 1 9 2 4 2 5 2 6 2 7 2 8 2 9 3 4 3 5 3 6 3 7 3 8 3 9 4 5 4 6 4 7 4 8 4 9 5 6 5 7 5 8 5 9 6 8 6 9 7 9
4 3
0 2 0 3 1 3
8 26
0 1 0 2 0 3 0 4 0 5 0 6 0 7 1 2 1 3 1 4 1 5 1 6 1 7 2 3 2 4 2 5 2 6 2 7 3 4 3 6 3 7 4 5 4 6 5 6 5 7 6 7
2 1
0 1
2 1
0 1
2 0

4 1
0 3
8 26
0 1 0 2 0 3 0 4 0 5 0 6 0 7 1 3 1 4 1 5 1 6 1 7 2 3 2 4 2 5 2 6 2 7 3 4 3 6 3 7 4 5 4 6 4 7 5 6 5 7 6 7
2 1
0 1
8 25
0 1 0 2 0 3 0 4 0 5 0 6 0 7 1 2 1 3 1 4 1 5 1 6 1 7 2 3 2 4 2 5 2 7 3 4 3 6 3 7 4 5 4 6 4 7 5 6 5 7
8 28
0 1 0 2 0 3 0 4 0 5 0 6 0 7 1 2 1 3 1 4 1 5 1 6 1 7 2 3 2 4 2 5 2 6 2 7 3 4 3 5 3 6 3 7 4 5 4 6 4 7 5 6 5 7 6 7
