100
2 3 2
1 1 1
2 1 1
2 1 2
3 2 3
65 8 19
3 37 1
47 8 20
27 3 5
1 67 1
4 2 2
100 9 12
100 1 99
80 4 17
10 18 1
3 1 3
41 5 11
15 7 15
1 100 1
2 3 1
14 7 1
1 4 1
100 2 50
83 8 71
4 29 1
99 7 43
3 2 2
6 1 4
21 13 1
7 9 5
1 2 1
99 9 46
100 9 11
98 4 12
46 10 5
16 9 1
1 76 1
41 9 32
72 8 26
1 3 1
97 8 12
4 28 4
2 59 1
4 1 4
3 3 1
46 10 4
14 7 2
10 5 1
3 4 1
21 1 20
16 14 3
80 2 6
1 24 1
30 3 29
100 2 49
2 55 1
100 3 34
45 6 17
80 8 9
45 6 31
4 3 2
2 57 1
4 3 1
4 1 3
21 1 21
10 5 2
40 9 27
3 1 2
22 1 5
100 3 33
46 1 46
1 12 1
80 8 10
4 2 1
52 6 34
100 1 100
2 4 1
27 7 26
100 4 24
5 14 1
46 1 45
3 2 1
52 10 40
2 15 2
80 4 73
97 8 13
100 1 1
21 13 2
100 4 25
99 3 77
33 5 10
59 10 43
4 4 1
2 12 2
56 4 52
5 22 5
10 10 7
2 2 1
59 9 21
82 1 59
