100
2 3 2
1 1 1
2 1 2
3 2 3
97 6 97
12 13 12
4 1 4
100 9 100
3 25 3
3 37 3
53 6 53
1 100 1
80 8 80
80 1 80
74 9 74
2 53 2
23 1 23
25 1 25
2 43 2
4 6 4
2 17 2
72 5 72
65 6 65
94 8 94
46 4 46
88 7 88
30 5 30
18 8 18
39 4 39
2 2 2
60 3 60
31 7 31
13 7 13
58 8 58
1 23 1
1 2 1
3 19 3
74 1 74
7 21 7
28 8 28
1 4 1
1 13 1
22 3 22
2 23 2
36 5 36
1 78 1
100 1 100
1 53 1
25 12 25
49 10 49
100 8 100
100 4 100
67 5 67
38 3 38
5 11 5
100 3 100
68 7 68
10 16 10
4 29 4
100 5 100
84 9 84
68 8 68
10 18 10
94 3 94
3 1 3
92 8 92
3 3 3
1 3 1
10 1 10
93 8 93
85 2 85
1 95 1
72 4 72
2 33 2
2 59 2
43 11 43
72 1 72
7 12 7
24 13 24
4 4 4
37 3 37
14 7 14
82 9 82
15 9 15
4 3 4
1 17 1
69 2 69
1 18 1
100 2 100
2 4 2
5 3 5
6 5 6
10 5 10
1 57 1
48 10 48
53 10 53
4 2 4
1 74 1
3 4 3
76 4 76
