100
2 3 2
1 1 1
2 1 2
3 2 3
13 11 13
93 1 93
93 9 93
4 29 4
42 11 42
1 46 1
4 1 4
22 10 22
1 80 1
5 24 5
47 2 47
3 3 3
94 3 94
71 2 71
29 1 29
4 3 4
16 14 16
32 7 32
44 4 44
12 3 12
100 7 100
1 89 1
80 8 80
96 2 96
2 2 2
1 13 1
45 8 45
1 3 1
28 4 28
18 14 18
70 6 70
1 60 1
5 10 5
4 4 4
7 1 7
97 8 97
35 9 35
76 4 76
3 37 3
5 11 5
7 21 7
2 4 2
1 7 1
25 6 25
33 9 33
26 7 26
1 62 1
7 13 7
58 7 58
2 32 2
3 4 3
9 12 9
100 4 100
67 3 67
16 5 16
90 7 90
100 8 100
1 16 1
25 9 25
10 18 10
77 9 77
4 2 4
2 30 2
100 2 100
18 4 18
1 100 1
2 59 2
2 35 2
1 2 1
74 8 74
100 3 100
97 3 97
17 8 17
38 5 38
10 5 10
62 1 62
8 19 8
59 5 59
3 31 3
70 7 70
8 5 8
100 9 100
35 7 35
57 6 57
2 8 2
14 7 14
67 1 67
13 3 13
6 20 6
100 1 100
1 4 1
49 3 49
80 9 80
87 5 87
3 1 3
15 4 15
