50
3
1 2 3
2 3 5
3 5 6
2 3 4
1 2 3
3
2 3 4
1 2 3
1 2 3
2 3 4
3 4 5
7
19 24 40 56 63 83 91
40 68 89 102 152 172 192
132 139 192 200 208 216 230
63 112 115 124 177 186 208
104 128 152 175 177 185 189
56 87 91 112 175 181 200
24 47 67 96 128 136 139
113 136 172 181 186 193 211
42 47 68 87 112 130 141
19 42 59 80 104 113 132
80 96 102 112 124 142 151
59 67 89 91 115 135 143
91 141 143 151 189 211 230
2
2 6
4 8
6 8
4
6 10 12 15
5 8 10 11
4 8 9 10
2 4 6 8
2 5 7 9
8 11 14 17
7 9 12 14
7
1 3 5 7 9 10 11
1 2 3 4 5 7 9
3 5 7 9 10 12 13
5 10 11 13 14 17 20
7 12 13 14 15 19 22
9 13 14 16 18 20 23
3 7 9 10 11 14 16
7 8 10 11 13 14 16
2 5 6 8 10 12 14
9 10 11 13 14 15 18
5 6 9 10 11 13 14
4 9 10 11 13 15 18
10 12 14 15 17 19 20
9
5 9 12 13 15 18 20 25 26
5 8 12 14 17 20 24 27 31
15 22 28 30 32 40 43 47 51
18 26 32 34 36 45 48 53 58
27 31 40 43 47 53 54 61 64
8 13 16 19 22 26 29 33 37
24 27 37 41 43 48 53 58 60
20 29 37 42 44 47 53 54 60
31 34 45 49 51 58 60 62 65
17 23 28 29 32 36 44 48 53
9 13 17 21 23 24 27 31 34
13 19 24 26 29 37 41 43 49
12 17 18 24 28 32 37 40 43
14 21 22 26 30 34 42 47 51
12 16 18 22 28 32 37 40 45
20 24 32 37 40 45 47 50 55
26 37 43 51 53 55 60 64 65
4
2 3 4 5
3 4 5 6
2 3 4 5
4 5 6 7
1 2 3 4
3 4 5 6
4 5 6 7
10
8 10 12 14 18 20 21 23 25 27
10 12 16 17 21 22 25 26 28 30
5 8 10 12 13 14 15 17 19 21
8 12 14 15 17 20 21 22 24 26
14 18 21 24 26 27 28 30 32 34
7 10 12 14 16 18 20 21 22 24
1 2 3 5 7 8 10 12 13 14
6 8 9 12 14 15 18 20 22 24
2 4 5 8 9 10 11 12 13 15
12 13 17 19 22 24 27 29 31 32
4 5 7 10 12 14 16 17 19 21
7 9 10 13 16 17 20 21 23 26
13 15 18 21 24 26 29 30 33 34
9 11 14 15 20 21 23 25 26 28
12 15 17 20 21 23 25 26 29 30
10 14 16 18 20 21 23 25 27 29
13 17 19 22 23 25 26 28 31 33
3 6 7 9 10 12 14 16 17 18
1 2 4 6 7 8 9 10 12 13
7
1 3 4 5 7 9 10
8 11 13 15 17 18 19
10 12 14 16 19 21 22
9 11 13 15 18 19 21
6 9 10 11 12 15 16
3 4 7 9 11 12 13
7 8 11 12 17 18 20
10 12 14 17 18 19 21
5 6 10 11 15 17 18
1 3 5 6 8 10 11
4 5 9 10 13 14 16
11 13 16 18 20 21 22
3 4 5 6 8 11 12
5
12 15 20 24 27
3 5 9 13 16
13 17 21 24 28
3 7 11 12 15
16 21 23 27 31
7 8 12 17 21
11 13 16 21 23
15 16 24 28 31
9 12 16 20 24
2
4 8
4 5
5 11
2
5 9
7 9
3 5
6
9 12 13 15 18 19
10 12 13 14 17 19
2 4 6 7 9 10
7 11 12 14 16 17
6 8 9 10 12 13
4 7 9 10 12 13
2 3 4 6 7 9
3 6 8 9 10 12
9 10 12 13 16 18
4 6 7 9 11 12
7 9 10 12 14 15
3
7 9 16
2 4 7
5 8 9
2 5 7
4 8 12
7
29 30 31 32 33 34 35
22 23 24 25 26 27 28
6 13 20 27 34 41 48
43 44 45 46 47 48 49
2 9 16 23 30 37 44
1 2 3 4 5 6 7
36 37 38 39 40 41 42
3 10 17 24 31 38 45
4 11 18 25 32 39 46
1 8 15 22 29 36 43
7 14 21 28 35 42 49
8 9 10 11 12 13 14
15 16 17 18 19 20 21
10
9 19 29 39 49 59 69 79 89 99
8 18 28 38 48 58 68 78 88 98
1 11 21 31 41 51 61 71 81 91
6 16 26 36 46 56 66 76 86 96
71 72 73 74 75 76 77 78 79 80
31 32 33 34 35 36 37 38 39 40
10 20 30 40 50 60 70 80 90 100
4 14 24 34 44 54 64 74 84 94
51 52 53 54 55 56 57 58 59 60
7 17 27 37 47 57 67 77 87 97
3 13 23 33 43 53 63 73 83 93
41 42 43 44 45 46 47 48 49 50
91 92 93 94 95 96 97 98 99 100
1 2 3 4 5 6 7 8 9 10
61 62 63 64 65 66 67 68 69 70
2 12 22 32 42 52 62 72 82 92
11 12 13 14 15 16 17 18 19 20
5 15 25 35 45 55 65 75 85 95
21 22 23 24 25 26 27 28 29 30
10
4 5 6 7 8 9 10 11 12 13
8 9 10 11 12 13 14 15 16 17
8 9 10 11 12 13 14 15 16 17
2 3 4 5 6 7 8 9 10 11
2 3 4 5 6 7 8 9 10 11
6 7 8 9 10 11 12 13 14 15
9 10 11 12 13 14 15 16 17 18
3 4 5 6 7 8 9 10 11 12
5 6 7 8 9 10 11 12 13 14
7 8 9 10 11 12 13 14 15 16
9 10 11 12 13 14 15 16 17 18
5 6 7 8 9 10 11 12 13 14
1 2 3 4 5 6 7 8 9 10
3 4 5 6 7 8 9 10 11 12
4 5 6 7 8 9 10 11 12 13
10 11 12 13 14 15 16 17 18 19
10 11 12 13 14 15 16 17 18 19
7 8 9 10 11 12 13 14 15 16
1 2 3 4 5 6 7 8 9 10
3
8 9 14
12 15 19
6 9 15
4 8 12
4 6 10
4
30 60 80 98
2 6 13 31
21 42 74 77
13 53 74 80
6 33 42 60
31 60 77 98
11 33 53 60
4
4 7 9 10
5 8 10 11
1 3 4 5
2 5 7 8
1 2 3 5
5 8 10 11
3 6 9 10
3
2 4 7
3 4 5
3 5 8
1 2 3
1 3 5
10
10 11 16 19 22 23 24 28 30 33
2 5 7 8 10 12 14 16 17 19
3 7 8 11 14 15 16 18 21 22
13 14 19 20 25 26 29 32 33 36
16 18 25 26 28 32 33 36 39 42
15 19 24 26 28 31 33 36 37 39
17 21 28 29 30 33 36 37 41 45
7 10 15 16 18 22 23 26 29 32
8 11 14 16 19 20 23 26 28 31
18 22 27 28 30 33 36 39 41 43
20 24 30 31 34 36 38 42 45 47
7 8 12 15 16 19 21 24 27 30
14 17 21 23 27 29 30 33 36 38
14 16 22 23 24 29 30 33 36 38
10 14 17 18 22 25 27 28 30 34
12 15 19 22 23 26 29 31 33 36
5 7 9 10 11 14 17 19 22 24
19 22 30 32 33 36 38 39 43 47
2 3 6 7 10 13 14 15 18 20
10
7 14 18 23 25 29 30 34 36 39
7 21 29 30 31 39 42 47 48 51
5 10 12 15 17 21 25 27 30 32
10 25 30 32 36 43 46 49 52 55
18 29 33 35 37 47 49 55 60 64
4 12 18 19 20 26 30 33 37 41
23 38 41 43 48 51 55 62 67 72
2 10 14 16 17 21 24 29 34 38
1 5 7 8 10 12 15 18 22 23
19 32 39 43 48 50 57 64 67 72
14 27 34 35 39 44 50 55 58 62
8 16 19 25 26 30 32 35 39 43
10 17 20 27 30 31 36 39 41 48
22 34 37 42 45 48 52 58 63 67
1 2 4 5 6 7 10 14 16 19
12 21 26 31 34 39 43 44 45 50
16 30 36 39 41 45 54 60 63 67
6 17 25 26 30 34 36 37 45 48
5 15 23 25 27 31 34 35 42 43
2
1 6
1 2
6 7
7
14 17 20 23 24 28 29
16 20 21 25 26 29 32
12 16 17 20 21 25 26
15 16 21 23 25 28 29
2 5 7 10 12 15 17
6 10 11 16 19 21 23
10 13 16 19 20 23 25
9 13 15 19 20 23 25
5 7 10 13 16 17 20
2 4 6 9 12 14 16
12 14 19 20 21 24 26
17 20 23 25 26 29 32
4 7 9 13 14 16 20
3
1 2 3
2 3 4
3 4 5
3 4 5
1 2 3
3
1 4 5
1 4 5
5 6 7
4 5 6
4 5 6
8
1 3 4 5 6 8 9 11
1 3 5 6 7 8 9 11
6 9 11 12 13 15 17 19
4 6 9 11 12 14 15 17
3 4 7 9 11 13 14 16
11 16 17 19 20 22 24 26
8 13 14 15 17 18 20 21
6 9 11 13 15 17 19 20
3 4 6 7 9 10 11 12
9 11 14 17 18 20 22 24
8 10 13 15 17 18 21 22
5 7 10 12 14 15 17 19
5 7 9 10 11 13 14 15
9 14 15 17 19 21 22 23
7 11 12 14 15 17 18 20
7
16 19 20 23 25 28 30
6 8 9 12 13 15 17
3 6 7 8 9 11 12
12 17 19 24 25 27 30
8 12 13 14 18 20 23
3 6 7 8 10 13 16
10 13 16 18 20 23 25
7 9 10 13 16 18 20
8 11 13 14 15 21 24
11 15 18 21 23 24 28
13 16 18 20 21 24 27
6 8 9 11 13 16 19
9 13 14 15 20 21 25
4
7 10 11 13
2 4 7 8
7 10 11 15
2 5 7 9
9 12 15 16
8 12 13 16
4 6 10 12
7
20 22 27 28 29 31 38
25 28 31 34 38 39 48
21 24 29 31 32 36 39
2 3 8 10 15 20 25
10 17 19 21 28 31 38
2 7 10 15 20 21 23
7 10 13 17 19 21 28
15 17 18 21 23 30 34
10 14 15 19 20 26 31
3 10 14 17 22 24 26
23 26 33 38 41 46 48
15 19 20 23 29 32 41
8 13 15 18 27 29 33
4
8 9 11 13
2 4 5 10
1 2 3 7
7 10 12 13
3 5 6 12
2 4 5 9
1 2 3 8
2
2 4
6 8
4 8
7
7 9 11 13 15 17 18
5 8 10 12 14 15 17
9 11 13 15 17 18 19
3 5 7 8 9 10 11
4 7 8 10 11 12 13
1 3 4 5 7 9 10
1 2 4 5 6 7 9
7 10 12 15 17 18 19
4 7 8 10 11 13 15
2 5 7 8 9 11 13
10 13 15 16 18 19 20
5 8 10 12 13 15 16
9 11 13 17 18 19 20
2
2 4
6 8
2 6
10
90 117 141 145 153 170 178 185 221 243
70 110 129 138 160 184 185 241 280 306
25 26 48 50 72 76 95 110 131 155
142 156 182 213 226 255 281 306 324 348
97 155 179 201 224 231 243 281 307 348
5 11 23 31 43 50 62 70 93 97
62 95 105 122 150 162 178 219 267 281
50 76 90 114 132 134 170 196 250 255
60 66 93 110 111 132 150 160 179 224
85 98 108 114 130 134 162 184 204 231
23 48 69 81 93 108 141 157 178 182
31 50 73 85 110 114 145 160 203 213
11 26 47 63 66 98 117 141 148 156
114 141 157 160 184 196 219 241 263 281
43 72 82 101 111 130 153 184 225 226
5 25 34 58 60 85 90 114 122 142
122 148 178 203 225 250 267 280 287 307
58 63 81 85 101 114 122 138 148 201
93 131 141 148 179 204 221 263 287 324
6
2 6 7 12 15 18
17 21 23 24 29 30
2 7 11 13 17 22
13 18 22 23 25 28
12 15 21 23 24 29
6 11 12 18 21 26
7 11 14 15 17 22
18 22 27 28 30 38
22 26 28 29 34 38
11 12 18 21 23 27
15 17 23 25 29 34
3
3 4 5
2 3 4
1 2 3
2 3 4
3 4 5
7
8 10 13 16 20 21 25
14 18 19 24 25 30 33
11 14 15 16 19 22 24
8 9 11 13 16 17 19
6 9 11 15 18 20 23
12 15 17 22 24 29 32
15 19 20 21 26 29 30
4 6 9 14 17 19 22
13 17 18 20 23 24 25
11 12 16 19 23 26 29
3 5 8 11 13 15 17
5 6 9 10 12 15 18
3 4 6 8 11 12 14
7
3 4 5 6 7 8 9
7 8 9 10 11 12 13
1 2 3 4 5 6 7
1 2 3 4 5 6 7
3 4 5 6 7 8 9
7 8 9 10 11 12 13
6 7 8 9 10 11 12
4 5 6 7 8 9 10
4 5 6 7 8 9 10
2 3 4 5 6 7 8
2 3 4 5 6 7 8
5 6 7 8 9 10 11
6 7 8 9 10 11 12
4
5 8 11 13
9 14 16 19
6 13 14 19
2 5 8 9
2 3 4 6
4 11 13 16
3 8 11 14
7
1 2 3 4 5 6 22
2 7 8 9 10 11 24
4 9 13 16 17 18 28
22 25 26 29 31 32 34
5 10 14 17 19 20 30
4 9 13 16 17 18 29
2 7 8 9 10 11 25
3 8 12 13 14 15 27
6 11 15 18 20 21 32
5 10 14 17 19 20 31
1 2 3 4 5 6 23
6 11 15 18 20 21 33
23 24 27 28 30 33 34
5
10 14 18 23 25
16 21 25 29 33
4 5 10 11 14
11 19 23 25 29
4 9 13 14 16
14 20 25 26 33
5 13 16 19 21
14 19 23 25 26
9 13 14 19 20
6
6 7 9 10 12 14
4 5 7 9 10 11
6 7 11 12 13 14
2 4 5 6 7 9
1 2 4 6 7 8
5 6 9 10 11 13
3 4 6 7 8 10
7 8 10 11 13 16
4 6 7 9 11 13
8 9 13 14 16 18
1 3 4 5 6 8
2
2 6
4 8
2 4
2
2 22
22 222
22 222
2
2 22
2 22
22 222
4
3 7 11 15
1 5 9 13
2 6 10 14
13 14 15 16
5 6 7 8
9 10 11 12
1 2 3 4
10
9 17 24 30 35 39 42 44 45 63
1 2 3 4 5 6 7 8 9 46
7 15 22 28 33 37 40 41 42 59
9 17 24 30 35 39 42 44 45 62
1 2 3 4 5 6 7 8 9 47
3 11 18 19 20 21 22 23 24 51
4 12 19 25 26 27 28 29 30 52
8 16 23 29 34 38 41 43 44 61
5 13 20 26 31 32 33 34 35 55
3 11 18 19 20 21 22 23 24 50
5 13 20 26 31 32 33 34 35 54
46 49 51 53 55 57 58 61 62 64
6 14 21 27 32 36 37 38 39 56
8 16 23 29 34 38 41 43 44 60
47 48 50 52 54 56 59 60 63 64
2 10 11 12 13 14 15 16 17 49
4 12 19 25 26 27 28 29 30 53
6 14 21 27 32 36 37 38 39 57
2 10 11 12 13 14 15 16 17 48
