1
12 12 10 10
0 0 0 0 0
0 0 0 0 0 0 0
12 0 1 2 3 4 5 6 7 8 9 10 11
12 0 1 2 3 4 5 6 7 8 9 10 11
12 0 1 2 3 4 5 6 7 8 9 10 11
12 0 1 2 3 4 5 6 7 8 9 10 11
12 0 1 2 3 4 5 6 7 8 9 10 11
12 0 1 2 3 4 5 6 7 8 9 10 11
12 0 1 2 3 4 5 6 7 8 9 10 11
12 0 1 2 3 4 5 6 7 8 9 10 11
12 0 1 2 3 4 5 6 7 8 9 10 11
12 0 1 2 3 4 5 6 7 8 9 10 11
12 0 1 2 3 4 5 6 7 8 9 10 11
12 0 1 2 3 4 5 6 7 8 9 10 11

2

4 4 4 4

0

1 0

3 0 1 3

0

4 0 1 2 3

4 0 1 2 3

3 0 1 3

4 0 1 2 3

4 2 2 4

1 1

0

1 3

1 2

3 0 2 3

3 1 2 3
