50
7 529038 3 1
2 1 1 6 5 1 2
6 1 1
8 55 3 2
1 3 5 6 2 2 4 2
6 3 5
14 3 8 6
8 14 5 8 4 5 4 9 13 12 12 11 4 13
1 9 2 12 4 4 2 10
19 26 3 6
2 12 16 17 4 2 13 6 19 10 8 2 5 3 13 13 19 16 14
7 5 12
21 93 7 4
11 11 1 16 7 6 12 2 7 3 8 1 12 8 19 17 9 8 6 21 7
10 8 13 19 15 10 13
24 2512 10 6
19 10 6 3 4 14 24 3 8 10 20 23 23 24 13 21 20 18 14 2 24 3 8 16
15 19 9 23 1 11 15 18 19 18
30 616 7 7
21 30 30 16 18 25 2 16 17 29 6 15 5 14 7 8 17 14 24 3 19 24 26 21 1 11 7 23 30 14
20 24 24 16 4 29 13
33 6089 10 5
19 2 33 31 10 27 33 21 9 4 33 16 33 22 32 27 15 12 20 14 9 21 20 28 20 22 13 2 4 33 5 18 17
2 9 17 3 2 4 4 11 13 29
39 558946 4 14
16 1 31 8 23 16 28 9 21 22 39 1 36 31 25 2 24 25 34 25 12 3 11 30 4 13 18 8 34 38 39 33 36 3 6 36 2 17 18
34 8 38 3
41 916 4 4
34 25 21 1 25 37 17 30 6 35 19 22 38 32 33 30 2 2 34 10 17 41 32 11 8 21 18 5 6 8 31 25 27 22 24 1 12 6 8 9 40
9 39 27 14
44 592059 2 13
41 5 11 20 18 38 38 1 32 39 37 40 12 9 19 44 15 14 6 8 42 30 39 33 22 23 29 15 7 6 35 15 12 15 40 24 36 16 27 28 44 35 39 12
3 25
49 3574 7 2
24 17 36 27 33 22 39 2 2 39 33 13 42 4 30 2 3 36 26 17 7 26 25 47 14 7 37 4 22 34 5 1 37 21 49 23 46 34 1 18 27 24 30 36 46 42 41 1 43
5 16 11 1 34 44 31
52 1027 8 5
1 52 19 41 10 3 49 2 37 50 48 50 24 3 2 16 20 3 52 18 46 38 25 10 43 37 6 43 25 1 51 47 38 25 48 38 12 15 9 8 34 43 2 43 34 21 1 33 27 44 14 4
13 39 45 21 23 26 38 30
56 11 1 9
28 38 43 29 7 22 40 11 21 1 6 15 31 46 22 14 44 10 5 33 26 24 33 55 36 30 11 51 25 14 29 24 9 43 30 2 53 5 3 47 23 30 33 54 56 45 48 54 9 43 26 26 12 21 52 3
52
60 7502 6 9
29 18 23 30 5 37 5 13 26 31 16 54 48 20 23 58 23 11 56 51 1 27 2 9 15 30 45 23 43 31 41 3 60 43 55 6 54 9 29 51 44 42 13 34 32 55 45 16 13 21 17 57 58 28 40 56 42 34 31 38
39 46 12 17 12 11
64 58561 5 22
29 34 7 48 27 21 36 45 36 59 46 35 10 49 23 8 60 57 43 6 12 41 54 15 53 36 35 49 28 10 33 42 22 44 11 61 43 3 7 5 25 33 46 10 28 39 46 18 45 57 45 57 9 47 47 4 51 13 58 51 60 54 56 21
2 28 28 32 55
70 802758 3 28
51 7 47 1 27 16 15 33 41 30 38 7 49 21 30 57 63 17 25 36 40 3 19 58 38 63 68 33 59 7 45 33 33 33 65 6 48 58 37 60 67 51 18 54 24 26 50 58 15 14 23 36 9 18 43 37 23 52 69 34 38 54 43 25 27 32 34 50 6 33
48 47 12
75 910 8 29
52 52 53 2 39 42 54 17 10 39 64 71 48 70 60 20 6 71 61 53 19 54 13 62 7 61 36 56 71 29 34 19 67 32 11 67 61 1 10 19 63 63 74 41 41 22 29 40 58 31 69 54 32 19 12 75 46 63 44 32 30 36 63 54 33 45 47 74 63 16 67 13 38 39 56
41 43 67 66 45 53 30 9
78 58400 1 33
50 45 50 35 15 24 51 5 75 18 1 65 7 32 39 14 73 44 21 64 41 6 4 49 35 13 39 24 59 68 40 34 58 64 67 68 41 45 30 67 67 46 32 14 49 39 74 19 13 22 27 13 20 43 65 74 18 30 40 68 72 78 11 17 33 31 70 59 71 60 42 19 18 5 75 63 51 6
45
82 1223 8 24
28 55 65 78 15 14 59 79 79 6 7 61 59 65 31 67 41 1 57 57 16 44 9 13 56 3 57 53 55 10 52 1 64 4 72 67 46 55 65 41 27 41 57 64 37 44 43 64 34 31 26 45 72 2 53 50 37 30 21 38 80 61 74 38 33 41 54 50 50 47 17 24 7 32 10 32 35 45 5 38 3 65
72 65 47 18 32 21 47 33
83 480208 1 6
71 74 53 73 63 1 67 5 22 68 27 66 1 6 12 79 28 80 59 67 78 18 44 16 48 72 23 19 16 40 7 33 65 62 70 83 56 82 8 79 11 16 59 16 19 1 35 35 11 11 25 41 16 9 79 5 7 33 28 53 14 5 44 27 3 31 14 46 67 8 45 13 16 21 74 77 79 61 41 26 29 50 83
71
88 98812 6 30
78 34 36 33 72 73 15 58 24 27 73 21 34 55 32 76 33 77 80 54 81 40 34 4 36 46 53 47 82 77 29 16 55 16 9 24 72 19 25 9 14 59 88 44 62 49 6 45 40 9 33 77 79 14 46 78 16 1 34 76 78 9 14 17 13 77 34 65 14 16 88 40 83 27 21 49 60 82 20 40 72 16 52 42 88 84 10 76
48 48 50 73 47 7
93 1684 6 26
3 77 21 13 58 1 81 41 67 49 44 32 20 3 57 12 11 68 17 93 75 49 29 25 80 79 24 86 37 6 50 66 46 35 41 88 78 83 36 40 45 52 74 19 86 84 75 56 71 26 38 26 31 83 88 37 36 37 26 51 16 89 62 66 21 65 41 76 91 8 55 34 64 69 28 89 30 3 34 63 17 41 47 70 86 26 10 33 55 73 61 23 31
69 73 14 5 69 27
98 6 2 40
60 86 30 45 59 44 9 77 43 23 71 32 31 73 92 95 19 39 56 84 70 48 56 75 21 44 16 19 94 79 75 37 50 90 6 15 14 37 60 24 49 30 3 29 57 66 59 2 59 86 76 66 73 63 61 6 55 3 16 96 96 52 1 83 58 82 24 42 96 32 74 40 32 95 88 26 72 78 3 63 22 8 36 27 26 94 24 6 73 25 21 72 46 80 29 2 93 89
31 93
101 40 2 38
43 25 84 60 86 56 40 72 69 63 63 10 41 57 14 62 41 101 90 88 88 72 55 2 50 97 38 50 65 45 49 6 25 30 74 87 19 75 94 15 18 87 38 44 94 21 40 86 42 95 80 61 96 96 60 69 19 1 32 63 13 2 63 49 38 56 53 80 50 4 51 55 49 62 19 49 54 58 36 59 29 99 45 4 101 85 18 60 16 5 57 29 23 8 17 20 84 24 23 101 49
9 75
103 9 1 27
12 20 59 16 82 8 73 48 19 8 46 26 49 41 55 85 12 35 80 20 41 59 45 36 39 37 18 49 7 71 21 48 81 29 67 22 101 15 59 83 11 14 8 20 88 55 80 57 33 97 41 5 98 45 16 72 95 22 99 93 2 94 74 39 60 95 31 73 15 79 72 69 23 79 20 20 96 31 16 59 44 86 77 34 33 101 59 86 60 27 68 58 63 76 73 38 38 77 62 96 95 17 51
74
109 2987 1 20
36 29 79 43 45 80 87 69 73 64 78 6 35 9 101 74 32 63 2 13 35 57 40 38 93 74 38 40 2 60 7 72 73 22 79 99 17 59 17 2 65 28 102 50 20 25 83 54 55 72 27 27 5 75 71 16 101 85 9 46 59 86 86 95 101 12 48 1 94 39 24 10 86 70 16 65 56 72 92 49 76 12 101 64 55 55 78 24 57 39 102 41 32 9 108 45 23 1 38 99 29 39 81 2 35 30 17 74 62
51
114 52 5 47
48 49 66 50 47 109 80 109 98 81 1 60 69 86 26 107 89 106 55 18 7 101 103 21 89 33 79 27 43 95 25 10 84 14 66 7 11 18 13 5 66 63 96 75 61 54 86 17 1 11 38 109 64 111 97 17 103 68 94 4 113 67 6 86 25 100 43 95 30 29 3 71 66 92 39 5 75 81 28 68 8 17 61 44 56 76 32 102 55 10 2 79 88 11 56 38 100 92 33 3 80 28 111 90 24 44 29 4 82 55 34 49 89 100
109 5 18 9 70
117 78279 1 33
99 110 75 116 35 59 72 9 67 103 51 12 60 116 25 12 49 55 17 40 26 29 66 94 12 83 33 35 116 40 87 94 95 46 104 108 73 61 80 52 62 88 63 38 20 34 55 13 67 112 88 96 101 93 97 31 115 117 35 30 5 74 75 44 31 111 23 60 21 7 10 64 50 87 117 94 110 117 7 63 100 77 17 99 101 42 110 78 47 1 116 70 85 90 52 29 20 85 12 8 2 8 23 7 2 109 78 24 60 4 47 83 67 58 23 89 90
81
119 6969 2 58
27 36 25 41 33 1 62 53 15 116 101 26 86 60 96 20 40 43 96 119 45 67 4 78 24 116 26 6 98 37 55 26 97 46 17 111 116 110 109 111 89 23 112 114 10 54 84 10 48 99 51 35 86 78 10 113 31 20 71 2 111 83 119 84 111 22 22 95 48 79 52 1 23 7 60 80 104 103 107 92 103 64 7 21 82 40 3 1 49 44 105 97 52 5 55 107 61 99 102 75 112 111 86 28 115 19 43 117 95 91 38 97 3 7 88 30 28 40 13
19 60
124 855 6 1
122 46 32 23 43 82 80 70 117 104 69 60 14 26 20 52 92 119 69 66 99 119 97 29 73 59 18 64 31 16 54 35 46 124 79 95 6 10 30 117 93 61 69 26 71 111 47 105 49 42 65 97 59 104 42 70 107 7 52 49 94 59 104 18 53 91 72 21 33 93 22 100 38 98 92 124 78 17 58 35 32 119 40 73 11 31 60 14 73 51 114 2 56 15 66 34 75 92 22 114 28 100 105 7 29 23 39 11 84 97 118 123 83 19 100 117 4 102 90 65 18 4 60 25
4 124 66 99 109 32
129 557237 7 0
4 9 5 99 2 121 30 15 62 54 11 101 21 21 16 8 97 37 59 1 98 55 70 31 79 41 24 47 42 60 21 122 29 100 35 52 16 88 59 109 60 73 69 22 101 9 104 75 123 11 5 85 91 125 48 27 107 109 42 18 42 63 92 47 48 93 57 21 128 94 22 8 39 21 86 42 80 96 125 59 99 116 3 99 23 35 9 21 25 81 60 66 109 19 110 64 110 39 118 59 121 74 45 30 20 27 4 15 71 5 68 49 86 106 82 24 13 2 4 67 126 52 125 105 46 66 111 127 28
41 99 76 62 18 93 91
135 38727 2 65
115 20 66 79 125 86 26 77 105 41 27 32 28 66 40 14 117 16 32 55 42 89 71 8 50 99 98 133 123 51 69 73 98 119 29 91 57 48 79 13 71 6 10 12 116 60 49 108 76 28 4 51 116 68 33 131 115 58 33 75 49 26 50 118 2 134 60 25 130 66 59 52 81 63 103 120 68 66 113 116 1 97 97 127 89 99 4 18 94 5 44 123 35 49 6 129 114 27 75 71 104 116 122 126 128 46 2 9 69 25 79 70 120 70 89 34 124 99 132 31 7 16 82 47 76 31 96 17 101 71 119 84 2 54 99
16 84
137 25 3 9
103 3 23 85 46 71 71 86 72 1 132 122 58 95 59 123 45 115 125 26 96 56 33 81 47 41 1 22 91 99 68 71 57 127 40 85 25 109 43 42 40 32 2 4 20 34 132 92 27 19 91 136 50 107 15 72 105 26 80 4 11 45 98 75 96 29 39 109 15 36 109 96 130 75 48 64 119 78 137 39 7 17 128 27 98 114 126 136 127 99 115 121 102 85 137 27 111 98 121 28 76 117 83 72 101 102 116 134 102 86 33 85 120 120 104 8 57 25 108 100 14 25 2 11 12 117 106 28 83 83 90 117 80 7 83 71 17
18 37 36
139 143 2 30
86 116 54 98 76 94 105 20 42 118 5 44 11 134 139 29 109 83 94 37 120 27 26 125 1 20 65 122 34 126 16 48 30 6 102 97 69 77 134 74 135 13 70 89 65 127 98 35 27 9 114 12 21 26 102 139 17 66 91 58 78 75 104 86 137 113 139 91 70 129 74 84 21 11 62 124 88 16 4 64 45 49 85 9 87 81 50 60 111 109 38 50 64 42 37 46 81 19 30 69 38 113 80 54 27 133 38 31 10 65 18 78 85 38 117 3 71 93 58 117 75 98 20 55 81 70 22 63 111 55 131 28 110 35 22 88 77 42 137
49 110
147 0 3 54
117 60 55 115 1 73 87 37 120 19 70 88 22 13 7 45 121 117 37 109 79 123 16 63 104 15 53 85 108 32 65 77 107 80 101 80 23 83 69 39 100 95 64 144 112 125 16 59 22 53 147 86 51 59 8 62 115 139 120 51 96 129 118 124 117 121 63 120 144 12 140 111 63 27 84 89 127 117 42 36 16 29 2 52 117 56 29 45 37 91 47 49 48 127 137 2 88 28 53 130 115 119 14 87 8 130 79 103 17 18 97 116 117 2 117 8 50 3 145 18 114 71 11 19 137 84 121 129 69 17 123 93 13 124 13 132 26 19 133 15 41 144 33 91 7 16 77
13 106 118
147 7 4 19
136 13 95 121 110 84 110 135 141 116 1 114 91 121 77 78 74 112 9 12 64 19 135 139 23 1 95 131 108 126 28 15 45 97 74 25 62 139 108 123 99 99 61 147 98 68 145 15 45 68 82 45 82 19 36 48 21 141 13 59 15 14 121 66 17 58 89 102 100 21 118 119 126 18 76 20 106 115 66 16 98 48 122 141 120 127 78 42 68 139 73 144 48 22 119 112 1 69 75 29 24 60 116 60 91 135 132 39 119 18 90 8 86 65 55 108 68 34 51 147 39 8 12 142 84 59 45 132 125 136 69 1 79 98 134 52 25 105 34 50 145 63 122 117 128 132 114
99 71 1 93
151 8 10 41
102 105 142 17 8 109 148 111 74 120 120 106 103 136 94 51 17 102 123 7 84 61 25 19 102 144 19 87 106 33 84 102 2 30 106 68 89 15 148 12 25 85 60 34 23 86 149 53 142 151 35 14 138 66 126 87 91 26 112 134 45 6 134 91 110 147 68 77 146 3 27 59 24 91 78 24 59 118 15 4 15 56 65 17 71 84 26 37 40 6 139 16 46 15 148 109 45 130 137 58 14 150 40 134 21 27 94 55 22 91 3 62 105 106 133 139 5 93 131 42 72 55 61 43 129 44 66 82 69 128 45 91 100 30 143 100 6 105 110 12 137 111 128 70 19 12 90 110 26 19 100
110 47 24 68 133 130 24 131 72 38
159 2999 2 41
100 6 61 114 98 13 76 105 89 58 76 120 137 13 57 150 156 36 156 21 66 50 126 87 144 80 121 129 43 20 112 87 20 19 115 86 5 36 69 94 65 87 10 83 75 20 101 52 128 4 24 87 115 103 118 115 127 6 61 151 28 10 75 109 64 40 32 123 3 49 157 152 8 68 84 126 159 15 50 40 83 5 127 21 21 45 99 143 108 113 46 26 29 27 30 147 43 5 87 29 126 25 89 121 125 95 12 35 75 144 64 67 34 87 75 19 46 60 47 155 116 137 85 68 155 68 141 14 11 88 138 75 111 37 38 158 7 51 100 88 84 140 63 108 25 56 27 120 27 107 28 1 111 77 145 15 108 56 101
149 146
161 904141 9 13
43 146 35 56 107 46 44 54 87 90 76 63 104 133 141 133 13 19 134 57 50 96 89 131 160 39 20 47 130 160 147 158 63 49 42 131 161 35 112 49 94 88 45 123 135 4 29 147 44 147 29 57 119 35 23 31 95 28 54 107 56 130 93 152 94 2 137 22 141 127 12 56 122 102 32 143 92 29 76 98 117 37 152 40 84 29 86 128 136 125 64 122 78 20 80 126 30 18 102 28 89 86 112 73 72 92 72 144 153 143 123 6 56 121 56 35 146 4 154 47 88 107 58 121 2 54 74 100 108 77 145 158 128 6 32 85 45 132 70 3 81 53 89 49 46 81 36 109 33 56 75 134 20 125 65 84 42 52 89 79 45
44 10 116 57 144 93 150 14 35
163 94 10 29
72 49 129 95 51 96 88 79 104 10 144 80 1 88 46 99 157 102 47 11 22 35 86 92 50 124 19 87 7 143 64 3 117 14 85 42 51 148 156 74 158 149 54 118 101 87 96 119 94 99 131 47 116 156 43 1 121 103 65 83 79 40 14 63 76 32 13 10 159 131 112 31 111 98 25 47 144 76 23 124 135 14 120 66 142 35 99 11 21 58 21 57 20 74 81 139 60 131 25 28 20 32 61 29 82 44 19 23 39 64 33 12 104 67 41 65 146 54 130 57 151 130 144 55 80 75 8 54 108 83 43 67 90 135 133 16 110 81 120 146 22 24 58 38 84 72 32 151 25 97 42 94 14 38 25 56 158 20 75 16 11 54 101
32 23 69 32 127 149 43 64 127 6
169 268868 1 58
119 135 89 75 43 65 18 139 99 91 161 54 84 92 5 133 13 71 5 123 35 54 21 128 42 125 17 147 3 52 67 168 151 93 84 37 36 23 39 106 72 52 140 21 158 119 152 12 77 155 7 101 79 91 18 6 125 78 116 115 78 167 54 118 45 65 87 117 123 12 87 52 26 109 95 151 23 148 50 20 9 106 19 119 144 133 51 46 144 34 39 161 125 83 16 19 1 3 41 76 49 69 162 7 123 98 118 155 28 168 109 169 74 17 78 139 101 87 127 68 112 52 21 72 158 57 95 2 47 106 116 79 34 138 162 19 93 43 61 111 5 146 116 32 9 29 114 135 166 116 36 46 22 30 168 64 144 47 58 46 155 168 1 59 82 116 53 3 38
147
172 270 1 35
143 66 5 71 62 165 59 38 94 68 20 82 109 155 23 149 84 91 17 73 3 11 22 18 118 97 30 67 19 114 36 30 12 147 137 36 35 66 111 145 143 64 42 63 84 40 15 118 82 40 31 31 70 107 38 137 66 3 56 73 74 143 80 27 82 43 27 110 5 50 24 80 147 161 122 134 108 15 152 38 105 125 64 49 26 62 73 12 108 157 51 141 23 94 101 7 80 58 157 151 149 131 124 12 141 7 66 42 114 44 136 137 4 116 127 31 16 74 88 43 16 61 171 95 69 147 84 46 70 40 153 103 63 76 4 137 153 155 27 119 144 103 57 74 131 103 150 40 119 2 171 59 146 130 51 95 93 74 145 80 88 150 72 71 141 101 83 90 96 19 160 94
93
176 6554 9 64
85 123 10 170 51 27 99 76 175 125 31 104 140 39 166 37 147 137 74 91 156 141 124 135 79 61 80 64 7 166 174 139 57 76 138 60 149 79 6 30 106 92 119 133 14 86 117 34 62 150 23 70 98 129 63 171 21 105 81 31 68 55 10 114 101 23 174 82 138 36 162 165 70 38 140 88 47 153 104 53 52 113 92 105 113 90 110 39 1 132 116 7 52 47 61 20 49 99 30 37 28 84 127 169 44 4 23 40 71 137 133 7 127 16 65 124 161 82 146 4 90 167 2 114 109 152 47 8 100 41 2 42 19 166 21 113 51 29 1 14 45 13 134 16 164 45 47 135 153 113 52 90 121 8 81 22 74 137 88 103 54 127 99 44 23 163 124 70 115 105 96 50 122 157 33 56
78 64 124 66 33 77 75 96 166
181 6 1 50
181 144 149 17 77 141 61 152 6 98 117 161 162 56 77 88 140 102 158 129 99 174 7 64 128 166 78 129 37 180 115 86 65 118 56 23 132 93 134 17 161 27 5 79 22 50 71 120 122 7 127 150 149 14 46 22 38 39 131 94 167 136 86 11 133 149 173 87 112 149 164 39 98 86 147 177 176 118 29 153 170 97 139 136 61 93 20 136 104 106 92 111 85 165 77 97 167 24 109 150 47 135 8 5 109 157 43 16 171 34 165 168 30 26 166 28 59 170 10 47 162 44 89 10 1 45 64 75 95 170 29 156 165 95 134 143 95 73 87 44 153 139 59 13 167 123 9 110 48 17 2 32 166 176 96 128 176 123 130 127 174 81 90 10 43 92 38 47 91 112 164 152 134 60 101 6 87 93 4 112 169
170
186 736 2 39
35 15 10 49 39 68 147 110 87 90 73 84 168 164 16 145 154 138 72 8 142 133 101 65 157 178 78 85 70 107 105 33 101 50 150 34 71 165 17 109 179 106 68 23 178 144 185 167 30 56 147 160 3 11 72 124 90 181 138 100 69 60 64 182 143 69 163 157 2 46 113 128 157 150 7 110 140 70 67 111 139 123 150 47 116 102 117 16 19 34 163 110 93 153 143 154 110 51 100 69 101 82 137 113 57 175 69 131 174 35 55 47 181 186 148 128 141 159 120 128 32 137 59 71 160 25 95 10 45 174 138 39 73 182 32 54 173 152 100 148 74 3 71 179 21 107 3 105 104 28 85 174 96 123 143 147 93 155 47 66 95 77 135 47 12 97 51 133 178 69 179 152 123 2 164 37 114 136 27 51 110 20 109 92 125 177
159 127
187 259956 8 0
138 67 118 168 137 185 92 171 7 123 74 51 55 59 113 167 99 147 167 153 23 27 128 47 171 96 86 110 162 129 120 44 84 6 31 90 123 84 101 30 140 64 71 107 104 38 25 138 37 92 145 142 156 6 182 90 167 34 171 147 67 3 121 166 56 16 157 89 85 171 186 60 131 10 149 42 114 156 5 99 99 131 95 110 96 19 85 124 11 89 94 67 149 80 110 112 59 3 140 81 81 52 187 67 110 13 142 40 147 88 8 77 27 65 154 139 162 92 176 129 102 97 157 148 15 54 114 52 133 142 36 128 130 92 54 16 139 121 116 185 186 26 32 28 157 11 29 28 73 178 77 101 81 74 103 51 39 50 87 2 167 114 4 52 129 145 182 38 43 32 49 48 46 125 87 157 73 64 185 182 92 38 167 156 143 17 145
88 124 71 53 82 184 158 158
193 1 5 72
2 83 154 156 180 137 189 85 174 191 101 156 145 40 12 170 76 88 152 95 174 120 168 93 114 24 155 34 71 46 118 76 81 36 89 39 161 66 169 113 28 85 34 93 101 33 110 45 162 108 16 169 63 76 193 118 17 155 56 167 144 143 49 176 112 102 190 12 4 94 118 2 75 25 87 116 17 78 179 129 82 122 17 53 93 88 166 48 52 18 16 123 159 41 143 97 105 123 12 142 190 106 55 97 162 125 29 109 61 31 89 143 79 107 31 165 184 112 126 62 1 118 144 130 113 184 34 174 107 19 135 191 187 46 148 50 110 168 73 92 98 88 91 26 134 15 76 42 124 125 64 97 68 120 70 72 36 4 53 156 75 154 84 67 36 156 106 88 99 87 191 64 114 182 129 70 8 26 144 26 165 51 140 89 66 7 173 169 170 192 185 174 154
35 59 144 32 46
199 79 8 84
141 59 25 32 75 20 19 143 62 114 87 191 108 185 64 186 89 126 160 134 133 62 156 111 163 28 2 111 152 186 142 173 103 85 151 147 159 28 179 129 133 13 193 117 123 191 197 75 111 132 4 199 6 141 137 191 17 118 50 122 177 40 102 18 85 127 2 50 145 157 103 26 128 44 64 65 57 24 109 57 162 175 155 17 130 69 156 7 168 131 9 34 65 70 102 87 89 147 51 149 168 31 32 144 79 8 197 106 194 189 114 157 142 126 103 151 110 4 104 59 18 40 191 8 100 191 172 126 110 190 135 98 97 78 37 41 148 116 122 91 154 138 155 43 146 135 165 17 77 183 32 26 23 30 139 118 161 194 37 128 143 112 122 68 59 144 82 185 29 129 128 181 146 71 139 29 129 28 91 135 158 192 19 168 108 34 158 149 194 17 50 129 108 113 106 71 181 21 163
28 139 19 2 119 46 62 3
200 361796 3 50
76 20 161 146 100 18 100 125 123 171 66 190 123 110 158 183 163 199 182 14 99 82 54 93 74 86 190 162 184 84 24 130 72 80 58 26 120 31 91 22 164 97 171 21 39 98 83 69 84 27 144 163 101 182 98 174 105 82 98 109 75 27 75 53 1 126 175 183 146 51 21 130 11 156 106 117 188 45 87 32 166 85 73 67 88 140 198 78 83 85 14 171 186 126 32 65 70 125 136 99 153 110 13 17 185 170 47 68 152 130 136 95 137 84 162 149 181 197 130 174 64 152 164 166 197 110 136 103 193 134 59 109 102 87 192 82 14 60 96 84 68 31 176 12 93 161 27 49 84 64 79 60 7 26 68 92 68 146 138 5 16 137 194 125 73 62 104 191 122 97 159 20 191 140 166 102 66 107 178 190 85 198 44 169 41 12 140 31 183 146 102 141 124 101 116 179 2 28 68 143
77 50 164
