25
1 2 3 4 5 6 7 8 9 10 11 12 13 14 15 0 
1 2 3 4 5 6 7 8 9 10 11 12 13 14 0 15 
1 2 3 4 5 6 7 8 9 10 11 12 13 0 14 15 
1 2 3 0 5 6 7 4 9 10 11 8 13 14 15 12 
1 2 3 4 5 0 7 8 9 6 10 11 13 14 15 12 
1 2 3 4 5 6 7 8 9 11 14 12 13 10 0 15 
1 2 3 4 5 6 7 8 9 14 10 12 13 11 15 0 
1 2 3 4 5 6 11 7 9 14 10 8 13 15 0 12 
1 2 3 4 5 6 8 12 9 10 7 15 13 0 14 11 
1 2 3 4 5 6 7 8 14 13 10 11 0 9 15 12 
1 2 3 4 5 10 6 7 9 14 8 12 13 15 11 0 
1 0 3 4 5 2 6 7 9 10 11 15 13 14 12 8 
5 1 3 4 2 0 6 8 9 14 7 12 13 11 10 15 
5 1 2 3 9 7 8 4 6 0 11 12 13 10 14 15 
2 5 7 3 1 10 6 4 0 9 12 8 13 14 11 15 
2 6 3 4 1 9 11 7 5 14 10 0 13 15 12 8 
1 2 3 4 9 5 6 8 11 12 0 15 13 7 10 14 
1 2 3 4 0 9 8 12 11 6 5 7 13 10 14 15 
0 2 4 8 1 7 3 11 5 9 6 12 13 10 15 14 
5 1 3 4 0 9 7 8 14 6 2 11 10 13 15 12 
1 2 3 4 6 15 7 8 13 5 9 11 14 10 12 0 
1 0 6 3 5 10 11 7 9 2 14 4 13 15 12 8 
1 2 3 4 5 8 13 11 15 6 0 7 9 10 14 12 
1 6 2 0 5 10 8 4 7 14 9 12 13 11 3 15 
5 6 1 4 7 10 2 8 14 13 3 12 9 11 15 0 

