200
4 1
14 6 9 8
5 12
9 11 12 1 17
3 3
8 16 7
5 9
14 15 19 14 13
2 18
2 18
3 20
2 4 11
2 1
17 14
2 13
1 1
5 4
7 20 12 1 8
2 16
13 8
3 19
18 14 3
2 18
20 6
2 12
11 10
4 16
14 14 4 5
5 1
20 2 2 14 19
2 16
6 2
5 15
11 17 20 6 9
3 3
15 13 14
3 12
2 10 14
4 4
7 1 3 1
4 17
3 14 15 20
2 16
2 2
4 17
11 19 13 4
3 6
8 15 6
5 17
4 5 18 12 13
4 8
20 8 7 1
2 10
10 20
4 11
1 7 8 12
2 12
12 4
5 8
14 19 1 10 5
4 19
13 10 8 17
2 18
8 18
5 2
13 18 1 14 7
5 7
13 18 20 16 20
2 20
5 15
5 16
7 5 20 5 17
3 4
8 18 2
5 10
5 6 11 12 6
5 1
3 3 10 9 12
2 18
12 14
4 9
5 8 7 15
3 15
19 20 17
3 3
10 7 2
5 4
10 11 20 8 20
3 17
6 12 1
2 14
15 8
5 6
19 19 7 3 11
2 5
5 5
2 20
12 8
4 9
19 1 8 10
3 10
1 12 13
2 10
20 5
2 11
13 15
2 16
10 12
2 7
19 8
5 20
4 1 18 7 15
4 16
13 10 5 11
2 18
12 18
3 4
3 2 16
3 5
16 4 13
2 14
14 7
3 1
12 19 4
2 2
1 14
5 15
4 15 16 15 6
4 16
16 10 14 19
4 18
10 7 4 5
3 14
20 7 9
4 2
12 4 12 17
5 17
10 15 10 9 7
2 2
13 6
2 1
14 19
2 8
9 13
3 17
13 18 7
5 11
3 2 5 1 17
3 7
18 6 17
5 17
11 19 12 2 14
4 20
5 14 9 20
3 15
6 6 15
3 20
2 14 20
5 3
16 19 20 5 19
5 5
8 6 12 13 5
3 10
16 9 9
2 6
12 7
5 5
16 4 10 7 8
5 16
7 15 20 10 20
2 12
18 14
3 15
1 16 18
2 6
10 7
5 3
17 13 10 13 19
3 5
13 16 13
4 17
13 13 12 16
3 15
3 18 12
4 2
15 6 5 8
3 11
19 12 18
5 3
3 9 13 16 20
3 7
12 4 7
5 9
1 15 2 6 2
4 18
12 4 14 1
4 10
14 2 2 18
2 4
19 13
3 12
8 15 1
5 3
13 13 3 9 14
2 10
10 20
2 6
17 9
5 13
9 11 16 3 5
5 12
5 1 1 15 9
2 2
6 10
3 7
14 4 9
2 15
11 3
3 15
7 19 8
4 20
3 14 7 6
3 10
15 19 4
3 5
16 20 17
3 3
3 11 1
4 13
20 15 12 17
4 15
14 15 6 12
5 14
17 9 11 14 3
5 20
14 10 18 19 17
3 16
8 19 4
2 11
11 11
4 8
17 9 18 1
4 16
8 14 15 18
4 8
10 9 7 20
3 11
16 7 10
5 19
15 2 20 15 6
2 12
14 8
5 11
18 10 17 15 14
2 9
12 15
2 10
9 4
2 8
8 5
3 8
4 4 7
2 20
3 20
3 8
8 1 17
4 4
18 16 10 11
4 18
8 8 3 20
4 3
10 1 17 15
4 3
10 17 14 8
2 13
11 12
3 8
16 15 17
5 3
2 13 17 17 18
2 1
7 6
2 20
16 12
2 3
7 2
2 6
9 14
4 5
1 12 14 8
5 19
17 11 12 9 10
4 19
9 6 14 9
5 10
19 11 3 16 19
4 17
19 4 15 12
5 19
12 3 5 10 1
3 5
14 2 7
2 10
2 20
3 20
12 13 14
3 18
4 7 10
4 13
10 3 14 19
3 3
1 17 16
4 18
1 20 12 10
2 13
16 1
4 6
2 4 8 7
4 12
15 18 12 18
4 7
1 20 16 2
2 8
10 16
5 16
1 12 9 11 14
5 13
10 20 11 6 7
5 17
16 11 20 11 7
3 20
7 16 17
5 17
3 15 3 13 11
5 9
2 16 9 6 2
2 12
18 6
5 13
5 15 15 7 4
2 17
11 20
3 13
15 5 11
2 12
1 1
5 7
15 9 8 12 6
2 4
9 19
5 3
18 6 1 17 12
2 15
11 10
4 16
7 2 16 15
5 18
15 18 11 8 14
5 1
14 11 6 10 1
3 8
20 16 14
4 9
20 13 19 12
5 10
12 13 15 3 14
3 2
16 2 17
4 4
2 11 17 12
3 16
10 9 4
4 1
10 11 19 16
5 4
10 11 8 15 18
4 16
8 16 8 16
3 18
7 16 17
2 1
10 11
4 10
12 8 18 4
5 20
11 9 14 5 20
5 12
13 2 7 20 11
5 1
12 13 8 3 11
3 6
17 1 15
4 17
7 10 6 20
3 2
2 19 1
4 17
11 19 15 12
2 14
11 20
