50
54.9310154848 1.8076255548 65.2046120306 63.1979461720
83.2681163097 38.5583786746 11.9382225383 83.8920801151
32.5877518455 49.6866722417 52.7895123287 7.5988095660
64.5568496320 76.7539908075 15.9033885695 84.7535131579
45.5866556008 14.3479724647 46.2288745370 3.1006662211
30.8926679384 65.2638223489 68.7222663396 4.8003381250
98.6896628085 60.9616117928 3.7196431968 112.7064956312
10.3052077443 96.4938973340 96.3046087801 10.2659006816
87.2382108208 60.4192634639 15.4198674483 92.2694619815
1.5759836485 23.3002817171 5.1654340035 44.4721481906
33.5599335931 33.6289714718 43.5246895619 3.9534810005
5.1288410492 44.7110520838 5.1107328010 44.6933539484
58.7776755852 57.2537222440 69.5833536931 12.4719033055
97.8212650995 54.5767866491 105.3598772746 8.2454533747
63.4833950824 38.6866581692 67.2420909086 8.4374240220
0.3172190007 39.5447656754 39.1953445508 0.3170437746
96.9296047681 70.4675676505 9.9724010842 110.3848137034
22.5110541866 62.8089156036 63.6603821798 5.6250311565
2.4329578403 77.0848169617 2.4302998518 75.9752360482
88.4262042616 66.9711743946 7.9301158855 103.3803860249
15.5882582365 66.2265766588 4.0201515245 66.5350097967
29.2001285108 61.5820720705 7.1832970889 63.2149310456
90.7645943397 3.5787625739 3.5763024582 89.7638724758
59.4399902785 56.3555131877 9.8873167202 72.0585241054
71.1129227098 60.6720106576 8.3157921814 85.1740293615
99.9449991385 23.1081503713 5.7685336987 100.4689222058
33.6483432337 80.8978118885 10.9582908399 81.1545702136
90.0753106938 13.7775649897 89.4314829112 13.7279416856
13.4677733765 21.8353705250 23.5097097291 2.4955263291
30.7120842627 66.7021334083 4.1109938768 70.4643681040
72.3006553694 48.0887157194 73.5026734450 15.7430770161
95.6805540689 27.8916144840 4.2457738598 97.6279746810
25.8873201823 20.1727939476 0.8345244823 31.9871814892
36.1715662965 88.5438961400 2.8751984739 93.6926844839
9.2916771809 96.5764199143 95.1010174014 9.2823010397
52.8830071150 75.5464473787 14.6942584179 79.0290986352
54.4243813524 30.1900001138 55.5633513583 55.6189782274
60.5760293143 91.7423741911 2.5915741214 107.6907649303
98.3345761002 29.9052072900 7.8645987080 99.0768546505
63.7607642387 64.3930369903 82.0135118824 8.5270314126
74.2867035963 9.8862985517 2.0340157639 71.2021224656
81.4615674550 37.2052883913 11.5513215446 82.0557141422
34.8989799597 38.6311874365 40.9415350521 11.2225573330
34.3520750209 24.7761292813 1.1913759969 41.2358222807
72.2666430487 3.9568621964 3.9428710585 71.4305210526
87.6616582267 29.8004915577 5.4194697946 89.6335250747
79.3931394532 39.9474817751 82.1002839460 9.2682570842
7.7770778635 78.0473367256 77.7547201617 7.7671378842
4.3910732782 37.5409806938 83.9473440989 23.4783210109
2.1718394570 33.1204501330 2.1653025751 32.7449470360
