50
249 44
5128 83160 22078 6138 28760 62985 58047 40304 28944 29941 4861 45308 37095 89946 17495 17343 50729 35857 68239 53944 62712 77509 78528 92085 47997 82075 46090 85928 89097 26424 12377 40112 84445 54073 19873 10263 15062 66669 40928 79714 23465 11006 54373 67980 59914 33760 36426 34734 7477 1105 716 11080 5061 66288 64879 73334 77757 61163 43882 74951 71941 53085 68228 6507 33472 96985 6778 61595 9784 43136 36544 15257 96031 46854 50042 60654 83653 48514 88295 9783 24581 34317 71294 81695 4619 12406 83982 99333 29272 49931 98624 60549 180 97732 54895 99166 71362 85914 85065 90021 41588 3746 3504 21027 88616 71799 46398 49158 36442 48495 37821 34506 6900 56549 68804 33652 97157 21040 5275 6943 42994 78408 54480 44362 87198 7076 53737 41128 38489 20409 59551 89930 2668 74742 27816 11919 13458 77324 83719 41602 91378 74001 10830 4032 27595 17874 21511 90444 24436 29357 64992 49816 62953 26898 10954 32666 95185 12989 53005 5659 14485 42189 58922 42018 71342 10775 88622 52942 79343 26833 3288 48564 70582 94430 53656 90026 19148 44329 77872 39186 42485 79126 19438 93105 65343 59083 79201 15178 55726 86599 59262 27739 77436 58743 28024 35255 7498 34349 89749 16647 39727 67719 21724 97386 25469 33863 94689 506 14186 33187 79835 46634 78631 85675 35068 3883 33493 35817 81958 99308 69298 20816 18555 96775 32301 16993 15800 81741 10120 19430 12390 97714 44693 31189 27218 82308 88076 858 5825 56772 18975 524 35361 19315 26109 95695 23070 85305 20819
301 31
95518 58695 36655 73577 58976 77399 14038 68844 71539 53225 14987 9570 48017 13595 70936 32352 37123 84513 80524 31631 79629 86356 45780 35821 62118 18544 99018 59470 69309 63264 47535 29748 71931 17299 704 56789 10359 95760 77548 66077 79995 80489 68177 30283 19513 85519 68716 17926 34240 83619 93935 31429 35991 35500 80718 54701 72086 4364 56100 26112 76558 24517 79623 88414 78581 21168 78491 71346 99239 96260 34094 32570 56410 31591 96457 62951 89684 61173 20055 59839 33883 72877 81390 72246 14914 31684 12404 5969 20269 3069 32149 59350 59871 68641 48929 54921 50 77762 96960 38932 48297 52145 19206 8687 40404 16360 99576 68668 35953 38037 57880 2127 79105 75076 39396 48454 90188 71507 13580 49788 51655 6997 31941 16707 3152 30067 70658 27201 53102 3781 73255 37933 41677 23012 77486 34175 91274 69983 64636 24572 57379 77188 96258 94574 23546 561 47012 36475 80469 68226 7390 14385 27788 66103 49899 73503 43727 13338 56272 17254 58472 93822 37554 22308 76657 73650 39527 21852 62868 74913 75331 44830 88211 83829 92901 23113 14356 27184 47260 99873 3591 14837 44120 66243 76291 94625 92874 81537 18850 60518 40717 58515 26960 67403 77940 49239 42154 24287 10184 13542 24553 53107 81587 861 57719 12105 8826 20127 86385 67476 63936 14254 22695 19797 6152 89403 83415 69619 99625 20675 55612 93330 46727 4163 42600 27765 39883 2039 18055 79987 67455 85545 31813 97900 60624 44100 89643 97846 16607 92853 39090 46622 45221 84285 41289 33081 3314 80355 61133 27303 67273 93317 91093 40167 80252 65516 62910 48079 46579 75672 58795 19076 58665 31287 26617 95128 13919 8054 41618 23278 10273 87429 25105 1674 89153 7641 38078 96024 38692 46764 27521 9685 78164 4398 90216 24647 51622 79244 95204 59840 67001 59590 50409 58482 8763 52442 89863 33227 46602 1915 46815
147 1327
41012 7844 43371 94192 57106 23961 19343 36811 2492 15219 57339 54027 10554 29987 70877 75035 66653 2010 2905 85643 57822 52672 68434 58475 47545 19974 29475 39536 77861 46245 57622 53461 90215 14896 35575 13310 34337 38140 22264 63318 79429 79746 46757 99651 85606 12388 54057 99588 57979 90939 92893 51911 7549 61155 64183 43384 73791 50403 71637 85954 58893 29669 43389 61452 67324 81566 99721 66292 23264 42713 68464 22044 77827 50977 29687 64758 71014 58026 29181 1960 86803 709 78910 97779 46173 61131 39984 41531 90949 64395 63175 71115 15718 42829 45531 32493 51720 49188 67900 81269 86660 79060 71042 88208 22267 32480 83615 87450 93719 58984 41571 53093 1435 70157 32082 74743 31751 84214 25263 79849 77911 21017 83293 33326 57239 77375 56227 56891 32362 77997 94209 85684 42396 24372 73972 90821 77218 91611 67941 65929 85990 21352 95036 90661 57087 28880 51961
50 11
29490 74531 26389 22258 42587 10272 77784 46155 71164 46124 99512 48117 57976 52357 93153 80999 80504 86273 45133 59316 41831 42084 88527 18058 17489 58282 84330 91223 89642 60451 84201 30351 29182 26841 44252 10335 8127 10076 35903 560 61584 33225 57607 29333 63722 80832 94647 90457 74023 17847
9 2
53271 46021 7305 51903 15189 41048 45017 43551 18365
328 36
18665 39765 93005 41009 12368 77447 35932 34118 971 13785 88886 12398 71179 93506 75063 796 26548 34657 53630 44427 42538 97122 83762 80679 12425 86261 27222 46933 36618 26517 81135 31168 26609 96547 38616 56556 13332 86883 63376 39630 12274 40729 16214 97176 34016 5691 37381 77321 9907 95283 5443 10447 17382 38825 8825 59578 41732 4819 72511 38528 17679 43428 82933 69751 55882 98566 30266 41365 73915 59285 8159 59783 32929 76388 96670 47638 58001 23797 11333 67195 14975 84368 59312 4100 31858 16360 27268 19511 36492 2376 39670 70513 43400 36686 92225 75408 44570 53806 37857 2816 75775 28760 51932 30827 4010 557 9254 58266 47206 93747 72700 37729 91862 20519 3479 47953 89063 53958 60734 62627 10178 91214 2576 15971 98111 91280 70772 10677 16273 76956 14297 81501 90422 51067 18773 54368 39921 91447 25941 5992 64504 75529 49732 82058 59911 4645 86902 73130 97575 3446 16093 84342 30107 11820 644 9337 38332 37705 50241 20768 51608 35886 60037 75620 78627 26203 26968 13981 44609 46298 39067 63989 7282 73282 43365 69140 53730 33092 7084 20132 71913 20074 29457 1224 31057 85669 71724 62862 65569 64702 50753 27206 63141 12015 40955 10581 11251 19464 15999 97691 83959 38186 6257 30853 51121 27734 84291 6295 85514 37771 29785 38754 43546 74919 22978 13257 95938 95766 40977 80189 59999 20852 47361 98256 54626 79721 61643 75049 67617 85678 39962 8221 6316 94058 59195 56680 6140 2451 26931 51519 4038 80095 45267 74182 6107 66493 41735 93352 84478 19501 64621 37060 47269 95923 74882 19650 67215 84779 66087 59500 5738 57820 50277 6374 7871 10772 98702 83747 43942 54326 13731 83011 52109 24220 29769 63668 96936 30743 24110 86291 98992 69030 62387 76004 26065 74240 17491 33951 77027 10757 12906 54724 8462 27975 43435 58600 81297 29393 27354 80064 62205 39232 44386 41778 43336 92946 87596 13441 89219 17873 91301 32424 79263 42128 34178 46295 47705 70198 84208 86523 40848 50439 10440 47795 31554 80616 71151 12501
500 8536
92177 85855 31063 93185 44316 78167 22227 89763 43293 82907 89764 18863 77974 9312 7723 11447 27940 94644 47247 55712 19991 81063 25158 72634 39368 98399 73223 30492 23151 42947 72062 56527 6862 25854 2432 89933 75668 71738 79941 84484 18841 37814 17676 32126 59437 82938 44757 19759 87391 71749 59383 21014 38555 57929 61097 33559 43171 72702 75297 62849 62873 1166 85683 57252 12292 93079 56627 20770 59510 31265 78456 53729 75313 81067 62910 39652 9668 5600 22813 56566 57005 32820 4880 25293 68073 3389 47125 50718 15450 82377 74737 26563 20480 68117 26740 39772 35532 1588 5753 59234 94155 16227 90255 51792 2029 31992 30358 85709 60985 85824 22105 83700 77338 67171 64233 49034 25456 81410 82359 89247 93110 15807 17310 13293 9313 31314 99160 80259 47140 64701 53441 88557 63518 93390 25316 52442 12226 93798 79508 38167 29565 36192 40862 31064 9812 41390 41103 10947 68945 47893 6846 59865 1733 91292 31339 14351 32759 3285 32091 70445 83300 39115 49158 92895 64102 69094 84467 57897 17341 87451 36610 68885 36513 31180 38077 13506 86205 37275 29183 9384 53678 88073 29701 72737 54639 11063 33486 80412 78051 77769 12624 18318 9852 66182 82320 67365 17209 13870 18347 15392 21485 30006 19077 24126 46547 2268 47176 7522 21304 73984 68484 68296 25701 5312 69163 68193 35133 40961 44053 25085 71753 53847 31544 75817 49811 83246 23086 89914 61112 77282 5780 35679 78657 24346 14741 97734 228 32176 5525 32032 20373 60798 25080 4229 94822 51586 75603 43050 12496 46096 81486 70885 6505 31781 79330 37366 16497 78341 97945 94173 48722 81883 19968 55469 27873 32647 88558 27138 94438 68875 94073 30473 66965 51452 96110 86169 94954 1236 25438 63353 40892 19265 21655 21826 99446 12194 87543 65249 98121 13798 37350 52837 89570 9290 37308 9623 21675 58891 7109 26678 31209 85445 36351 25601 48923 5946 43036 30952 21737 62337 79587 72123 96604 66793 95670 48087 93359 27980 96157 47742 74698 48057 49662 51172 16614 75588 70598 16805 75722 42201 94382 52115 25268 61353 16932 68927 72561 28553 21840 92942 77121 29841 31697 71452 24462 16734 23866 24999 43105 29119 15289 3987 64051 54457 53282 24710 57222 91573 14623 66214 61477 47033 26439 5131 55486 65883 7399 81464 84509 8059 43389 90137 60273 70790 31579 64199 36451 58752 6141 2973 60943 18843 2777 44825 73465 87919 54600 23664 7528 53375 53139 1953 25021 96159 79114 90319 48392 89119 76843 78368 55936 42608 43092 24255 57919 68327 43163 31540 72118 48523 14468 10304 71575 11679 39250 71960 75099 88486 91971 86687 96272 93767 93502 8365 46604 37159 54674 57108 45947 20852 2588 8740 66633 2159 42711 59441 40374 38346 10180 2796 29562 81388 49787 21460 84285 28081 66430 94132 51277 8134 19789 96142 35053 80511 89167 64757 67090 98996 18114 83416 27473 71922 93021 27984 91629 13657 48554 39933 33598 68841 77062 28003 91088 9361 44717 19680 7095 89778 85667 10503 110 469 33456 65382 93556 78293 94178 69901 487 7506 6600 38055 93356 77227 80849 2004 27129 74090 70941 40974
376 48
66910 9443 5472 59244 4313 66352 45910 56171 66069 63522 36079 94628 6872 29756 96400 36504 86416 16055 89124 34603 76411 13395 52214 97284 84621 91034 69848 6830 66834 87718 97850 67973 25591 61829 10368 26911 29533 25292 88465 83414 47956 77966 87300 89535 42393 88365 17568 43689 77640 61793 55259 87824 70554 95696 55915 93705 12609 41097 83362 40127 73063 47942 28172 3935 44291 11758 85882 26149 84509 39978 28936 42105 77037 57925 26561 62719 25918 29680 68889 68619 98022 59567 86194 6181 60072 67671 98496 8751 6481 13163 73837 10307 34272 95164 40076 63665 43573 24792 23025 60915 8745 75757 10485 91988 85328 84540 83946 23084 83733 89028 37019 36564 30999 67321 44357 11916 9796 18926 47676 71331 67462 3215 20234 87585 55629 73259 38005 94905 31209 11920 24919 15454 76035 96635 37439 14655 90267 12025 70916 47361 22681 71035 89519 66780 42465 15951 71516 22124 66828 8087 93310 47575 71981 71261 43196 75245 65934 27740 81814 90097 74909 52495 89593 53860 41342 5425 47026 85277 8798 43098 22708 73456 85571 29902 60712 15576 90357 72858 89731 60590 7795 52063 74583 21440 1910 52571 74824 60312 55765 804 6115 80084 93708 32962 50234 16520 53648 40327 40922 69251 34941 99642 15018 3282 57593 91217 33737 74926 31591 36549 10948 72795 12020 38400 94991 81562 85937 50021 27676 98 19063 42379 47752 97196 92009 57172 95186 45582 10121 93576 9000 99798 9643 40761 58957 79129 13050 52931 38128 90820 87604 2089 71027 20932 73208 92906 79095 7294 11225 48794 73854 24024 88048 77817 16874 86364 67764 22065 28843 53641 92749 42441 71831 26596 29215 11348 13767 17860 917 18827 95275 73947 45884 35190 91771 79823 61884 7826 82605 36776 51517 96071 28807 37360 83825 75043 45127 80770 7535 94719 82776 95655 95010 50883 50390 90279 1028 49410 61236 13459 2456 85939 71770 76704 24230 8981 60893 99956 834 30764 57374 62254 19377 14543 76639 65217 84793 76389 43728 70138 41692 79861 56347 95411 97319 92159 68240 33540 15181 15520 91558 74427 781 47046 44337 896 10310 38765 68468 59160 73922 31443 61383 80612 23886 72193 6979 20831 94867 10286 38261 89921 43828 28166 55455 35347 25831 75373 63459 66208 17561 71973 91532 33822 47669 14978 2611 86795 31800 54272 56671 93356 51707 17305 98251 3456
195 46
81967 69832 73048 54459 35150 17913 59461 88666 78248 52607 87946 13881 63245 46990 23443 24998 49134 19429 20805 19289 628 20317 47545 72583 29794 73560 95270 19651 32231 17863 64981 49461 93323 33758 41713 90966 53121 23888 49402 1529 64872 50325 26032 81494 81375 28854 91461 37060 94291 6476 2556 49202 99530 76356 30457 17674 20668 75134 37360 28548 21052 69585 54603 53955 62358 18593 85387 43799 49 63165 28053 55798 39042 58900 27434 7285 65364 29873 28463 71858 77157 23314 33677 26807 39712 7139 47335 49205 46110 29934 60868 68587 98070 74303 16738 40823 15399 27063 55200 67033 79174 4855 31592 24394 27124 97508 20330 36551 969 20183 43972 76173 27918 50453 19734 26836 16954 92289 5157 22666 97530 18490 54948 74973 38651 69235 72696 54232 91684 86861 2509 25282 96427 43567 6642 85978 50111 49890 12743 2955 4219 86751 79752 53206 76152 49612 18881 81045 1262 73097 18860 24342 30885 52126 54973 15017 10743 22256 65495 95846 99019 59220 16393 15104 20291 64562 9687 68358 26870 62814 3555 18653 35210 16573 3195 6124 16579 90308 20168 27005 98135 15818 16924 1521 114 54627 58676 80034 61144 98516 27032 92222 89657 13906 45258
71 1
49869 59985 33940 88135 82054 25151 73149 33676 94068 56843 40267 62779 16193 3613 3742 14723 67385 64735 41237 14745 66573 60795 86677 55133 94039 21141 73569 59974 87475 20022 93240 78271 38631 74547 71645 511 69985 33716 75553 83465 87718 44343 33069 795 43070 87909 70401 64695 17864 98248 27463 30796 271 66145 69532 95547 75763 50169 27826 32958 95183 76342 69257 87872 38267 83705 14250 60830 56536 11342 4637
90 62
69299 85238 22845 94762 95587 3165 20042 65405 82351 50918 61018 52250 4747 35958 16342 3211 20330 74514 38681 32006 23336 92833 6801 43351 51325 43341 96962 60599 32017 8884 79666 22021 44809 74123 54025 57588 64409 60119 22105 43489 81361 32423 75430 87643 87350 89656 26724 49591 62019 68278 76030 49681 80782 29301 27226 14611 91985 97238 27398 97135 12090 56407 11075 3527 19699 71390 12731 27079 22553 34629 63509 1091 51714 46167 86747 86409 23650 12235 56740 38604 16132 42076 20389 40368 96356 87241 2106 68173 73082 64577
364 819
19432 36643 57124 56519 39220 89910 57135 62484 4016 24492 80051 72035 70731 2201 78391 43844 10737 15378 35673 27929 27268 73618 60560 8195 89906 1747 91777 20310 85751 19149 75437 5088 43621 31281 7112 18267 59800 45647 79483 55188 86189 55377 9954 25414 99427 886 17734 64406 91281 72556 71841 46443 81355 36076 72946 47134 38446 72332 39851 10886 2261 29917 2225 90965 87584 6590 15956 70083 70676 81813 1511 69795 75220 80148 61644 27459 95822 77757 76066 56140 17011 99406 8334 12003 33264 35853 65455 9251 6888 98027 99688 13336 12716 58529 63347 97965 28681 63054 23955 79554 65587 4669 81771 76395 86580 29105 45274 45754 34088 2591 13141 39213 11947 74915 14820 66235 48611 66375 59515 48817 23527 91188 98498 87766 77817 69994 55805 1688 38910 65757 48782 71458 43416 74866 84637 73481 4443 56760 6037 53548 99499 54382 52425 33315 22928 8554 72489 25762 11110 57567 28044 89 31988 19415 90375 87655 99739 99597 4426 75345 57679 4189 55236 86164 20731 7639 56069 39967 23143 87078 5020 63310 8396 24722 34838 63331 97352 96645 27428 81765 21394 53616 23619 89399 88188 57143 75453 56631 74128 8063 305 298 89830 60428 91678 10463 152 57153 17045 90806 20699 17865 75635 70864 31785 3689 23886 471 27445 38281 75709 4821 50136 35407 46462 19691 58580 15471 39923 25088 2046 15055 33321 13342 41527 65281 87095 18301 55480 30446 30640 34857 39391 99046 71721 89143 99390 22188 84304 75573 66072 93504 14902 13455 79833 92701 12415 97907 83271 76071 87305 1135 42593 54313 9962 3248 29262 14731 19504 3998 86818 29149 75262 9465 62875 49374 96765 36123 67250 27692 80862 42669 11738 22983 69622 96600 4604 46170 62459 31818 12329 15789 85732 54794 23259 30778 53474 82646 62513 98129 11644 79907 51730 54567 91169 13370 67449 44248 69074 8673 39862 60715 89176 94489 43192 59738 67747 16127 26742 89300 93192 28470 12567 95995 14759 4601 60375 58796 30889 83752 94339 77380 98020 78628 41585 65526 99904 71232 50218 42333 14726 93122 24754 39563 91539 37142 62928 85674 55303 20653 7461 32347 62791 36278 19194 83839 86004 14346 26364 53858 8361 96397 8339 53574 54869 70958 50569 56383 93394 73071 77626 52830 42176 84842
159 12
98510 25802 96534 26807 69136 58119 43822 84607 38644 3408 23223 26150 219 91193 57621 57387 44969 60934 44368 16212 30573 31538 8665 24218 34715 70192 77161 27608 4734 59665 94468 91259 63441 21406 44904 28128 36549 80847 59036 48251 46053 93431 43234 62506 18250 53770 49033 38775 25029 72277 91167 84947 20099 91743 64625 31677 81201 64541 95762 6566 32470 14351 43716 38828 87743 41853 55775 13084 24844 91642 3248 73478 9921 44728 79016 65350 95000 83647 25292 11330 25533 44139 93104 56952 24628 56814 54419 26358 25275 1976 97362 35694 30488 61923 64100 81935 23645 26282 69343 23509 56901 68028 49620 19374 91990 78660 39225 5566 22499 39526 76771 15008 14286 66233 26499 15270 81631 91290 93308 64998 798 26375 81968 85578 12917 8470 34598 20643 90408 60227 61650 84984 28425 91206 21056 79604 73545 87102 93053 2067 25986 61238 27920 37571 58865 26435 89798 73660 35014 2116 24297 19433 73507 79733 9933 84147 28396 53860 22575
79 79
53981 12689 24261 79553 20161 41668 58073 44640 56184 5728 25537 52892 8893 71024 24071 65311 27420 33651 58781 49502 8327 65813 63283 70741 35424 92125 18323 37851 72053 75323 36891 81882 43042 48023 40451 49418 33939 87580 70718 88511 40146 67621 98965 48165 32731 94945 43137 40347 38113 60866 22596 7595 13017 8548 47635 7908 53109 79059 57387 26636 53363 98477 39513 77671 35497 79981 10945 68308 20544 70685 19651 4284 90227 7380 41421 84759 6466 41048 85097
146 39
28255 43168 91283 79669 33311 67068 90669 79741 76871 28346 1000 36781 51560 17181 35549 5994 12202 20922 72640 74056 95663 75509 15811 61360 44741 94846 79274 65480 64378 10839 56412 4542 77429 33788 71481 86694 46811 63804 14807 42554 78143 76227 55415 54382 4356 10119 31011 68902 71955 59222 78786 73995 5454 43815 77838 31449 38684 87687 46749 40447 6402 2303 79200 10294 98233 34047 75073 78756 73140 17069 82292 78971 70459 17368 53850 24946 90279 1494 50493 62498 52697 99267 86285 97378 61377 78709 18210 97426 89344 99688 99209 6827 68241 47300 34576 91117 14527 28918 42639 92549 31158 44788 42712 61669 46217 13714 86294 75787 92365 75253 47224 40911 34809 63773 12787 16659 21720 82934 50102 50932 11963 80023 98057 32098 18553 38509 54914 35749 46624 90200 84107 32312 74336 42638 75824 55819 12053 67754 98201 86187 2907 16335 94071 73227 56195 5697
309 140
33043 21028 31082 45987 67122 82866 7481 42123 94626 88156 80899 98566 11068 33116 4659 23804 33533 83110 34228 92815 87978 55994 74099 91995 45521 87664 37296 77954 42515 46811 12659 26539 99753 80859 11189 43677 87479 61051 23683 77549 46812 56769 31870 99517 13540 15499 75532 62777 75599 19208 54621 88364 22645 73451 28532 8304 17606 74126 28903 22777 51320 5554 71454 2044 1691 58767 3459 44145 89596 25694 43588 9566 57310 39542 33357 76322 92493 14464 41081 61115 91283 47986 45827 53808 32073 7400 68414 80124 21936 63645 67172 57571 76894 25913 85898 29428 19246 7381 38637 80135 84115 46891 33739 55243 76979 69699 32193 85993 9979 47920 8648 57652 45761 39593 79619 26213 91037 25099 40257 51878 26029 14318 15090 25379 90204 84796 36308 63592 40369 12091 75526 71627 61527 89988 90481 93374 13372 67819 62588 44652 14826 57472 46428 13437 21280 75310 41091 47980 8247 4776 61530 42938 7241 44156 4492 59667 18251 39232 51716 72102 37902 67817 55447 52414 97855 80439 39039 83989 17072 36682 41385 55426 14469 91747 92756 11330 96958 95420 30623 72211 64449 1219 18865 93931 11383 80150 12798 93127 58519 79435 76179 50437 12675 25879 54875 58390 81272 13122 78274 71360 58338 29285 50888 42697 7309 50402 30459 27081 52150 80788 99433 17620 73547 95452 34694 55158 46291 70409 47974 85753 97594 87688 13567 19989 52115 82571 46937 58495 88617 67142 98507 60181 61792 59636 21732 69847 73722 78287 88674 49180 60643 92478 59654 71407 48872 20687 90508 12929 95083 4739 13517 57211 91816 36894 44373 74151 14411 51563 69059 43757 46465 37074 47850 31278 67952 43950 59822 78653 72627 57545 59432 4534 93224 36955 41398 29791 18787 31672 64391 62917 75257 11674 65832 92443 677 85713 35337 29121 6645 17414 79285 71096 57947 8315 36144 25263 71884 54658 50481 88756 69007 95587 5291 47463 91170 85260 86873 20107 82703
316 41
43578 24317 84270 54163 97652 70473 87787 67028 29659 92639 67974 70510 4835 83663 14270 1948 62146 14104 39701 40553 87768 83233 9799 77318 85916 24120 67787 88213 79072 67006 87165 56099 72729 75611 49924 21852 16586 64831 34569 15670 95398 91457 80204 8174 32363 41927 82000 20941 79945 60056 3960 7804 69516 64518 14487 32993 87038 27207 88204 36207 4340 30698 21459 31849 8483 10567 33438 88957 10225 93170 76369 60534 5634 49094 20109 38103 97847 78461 30884 13876 23466 1988 39323 50901 51513 53303 49849 84997 30677 58465 21033 51511 69203 38727 13622 22258 20668 52298 40166 3568 44708 24712 40426 76749 22481 36147 80980 96087 73283 75618 51804 47299 58993 49080 32695 86870 42086 72904 97386 17888 97454 54369 87162 47055 12679 45940 62850 77111 57477 4920 9174 69527 1373 62553 2006 32338 63206 2989 96756 30412 63493 72646 778 79396 38446 96005 14305 7732 38732 46754 48942 13114 42007 72797 37552 13965 67555 20826 6139 22396 36789 76505 42428 58335 74453 12108 26381 30469 77955 13068 67466 29423 39175 21501 63142 49978 74486 82783 47054 45548 74997 66178 78367 64044 78595 20113 52651 11062 89797 85499 70316 14856 12185 69188 39775 3915 88979 24727 1342 95435 99742 90719 27470 71903 6197 5598 63870 51668 28326 45372 71716 89681 26958 43658 63209 63186 10690 53207 16899 10030 13792 35966 94686 9761 69276 34515 50155 97 8887 33582 67837 47312 21186 90717 72898 29111 49853 6997 43251 11168 77519 91394 6214 5901 90073 77669 58927 23200 45598 56996 69271 48158 54017 45513 25541 22332 7835 79424 82097 68253 59050 29455 40057 75131 4642 46819 28192 87403 79670 40840 97936 69409 16753 25792 74150 6743 74394 69546 25249 44191 38572 78019 42639 33986 13488 33019 6423 30786 98206 80471 75266 96324 78171 2349 86049 65941 40299 62929 49888 38962 48213 8841 71713 94732 40798 23980 74290 51407 1113 33795 46448 59262 54761 83768 88184 11402
280 267
47521 21719 26248 60232 68763 49272 20922 71024 52730 87183 53765 26509 76794 7490 72050 5036 20128 42881 91237 18448 15431 40146 63286 59758 42995 74393 58561 68992 9882 8037 84787 40981 51066 61727 90293 17997 87805 87826 3927 9497 98163 14978 4979 40841 32525 87365 28103 32001 93946 7282 73294 7 89526 64626 59559 57659 21468 11173 38567 3857 18708 80203 44085 86170 46927 87762 50812 69966 78599 62316 74007 74583 37956 52738 52339 61008 36175 17542 43840 53087 75719 67122 9028 71288 74179 62684 72994 83120 11280 78502 38890 34907 61504 80368 22862 27808 87523 41887 96043 65183 43595 4926 23160 92907 184 27746 57533 95097 70300 2026 65636 45497 54067 88429 92037 96895 72916 98494 87938 3189 42159 34963 70236 70504 51333 97918 42284 44253 16386 18216 58972 87227 83783 21901 96365 53041 69447 82958 21682 65116 58688 31701 13207 73612 39824 15677 60837 64786 14655 32114 9022 41389 87096 50852 15381 28357 38752 20598 94223 19905 47487 29308 3384 52465 57917 62942 29075 20066 11980 45336 45578 43425 76203 25066 33219 81113 47402 16610 23782 55399 98681 3261 99853 36571 31517 73133 12462 14750 10447 59265 87881 45276 48324 48589 31253 66212 78314 13967 81966 6788 34873 46213 62860 20936 4724 21337 12662 52875 81160 16702 17340 66937 7402 51124 23142 25978 62486 85965 18805 21391 31361 94503 10244 58379 40646 11528 17696 64498 60918 29926 5053 1179 41578 38260 5185 29322 52930 6181 56515 74445 16039 65623 25889 96243 71262 92762 95068 77298 66654 69138 86781 6611 27575 61441 31751 66621 56653 68370 46584 22890 19027 16632 18380 36312 70647 44136 74470 3323 33313 60533 65857 39462 30704 31647 9280 26585 9494 97596 2394 90508
190 147
47317 41789 48323 40579 44263 17844 63042 58724 95691 37074 85477 9840 72053 32022 4700 90525 51814 57626 47014 60887 89737 37367 44783 60478 61671 7308 91541 92510 59764 72593 65402 29858 21991 15386 99271 56747 58120 16082 50197 76743 88298 93556 86735 81664 41505 17857 5167 11772 63999 37186 50911 64327 26470 12216 12810 68404 6961 38929 77956 24962 19 78286 79537 97006 37482 85694 77270 86988 81564 60297 69738 56233 22113 69243 4934 33600 11953 60200 30614 66507 95947 70600 86280 90042 55096 96198 87393 67812 55310 69851 93751 48919 43445 25880 40213 95641 39639 82215 77440 30871 5945 38367 86263 47942 3056 91800 39382 49239 17800 39431 43257 73738 24472 97682 41601 69962 42086 24746 94030 49907 63909 1147 56522 44548 88275 93567 57768 23052 5891 96052 92584 19160 62562 86712 22439 36542 92933 90255 72512 47377 74732 22819 99041 59985 57530 27625 53195 93924 90808 66370 32107 58750 67201 35552 87755 87676 98538 2915 69147 11430 58124 95891 41384 44950 91915 72653 43919 92542 74784 37704 71623 3264 99361 72726 34169 17081 37013 86007 44825 29126 2335 89911 79394 63147 38632 53247 5863 82073 26584 60643
119 8
30132 20752 44225 15995 8528 70185 3736 67260 19363 17888 15386 48796 42942 93360 64095 67638 92743 4687 54841 37662 59537 13181 27529 89464 48150 10030 40150 4018 83618 82066 40069 39237 93804 28922 6287 3108 92559 28290 54680 92579 18681 76945 84703 30977 4083 70751 80324 36991 62720 38088 90976 5970 66490 70101 1077 4337 6066 95623 75894 32349 63907 16368 93424 71878 29309 3197 94145 65945 73904 23918 26727 30256 72439 6984 32209 6529 37216 86544 15836 36326 441 15180 91692 58141 47967 25927 52226 68306 75818 10577 48881 1355 21352 5457 58296 43304 62054 3415 8610 3887 52258 5493 16309 64773 28661 85069 67362 98407 93517 96854 24632 34636 61943 35129 51120 45011 95897 89192 33468
341 48940
53036 57161 30222 74714 39712 98834 90879 27434 88383 47644 61465 74273 8466 95220 91379 36116 1941 21457 40020 28274 4044 35596 36411 41565 86046 15568 37510 12713 97515 27540 31086 74701 61419 27447 2248 79235 23998 91533 8965 78018 38772 52612 57323 56694 31798 39255 40263 30872 91992 23820 54290 58129 20816 60243 8254 10724 90378 49020 20565 74840 75333 41616 33229 1964 18646 89047 59579 76740 10216 12762 15074 92081 74880 54396 77448 857 6118 28023 21095 52115 62373 83504 8310 26732 7426 93349 3110 46658 26194 66259 40942 47773 13707 65565 6344 8289 41076 87003 47433 37208 17995 36290 62443 78091 29329 95775 83212 69344 4662 94870 14545 64970 95974 25052 26285 60011 65146 83377 31854 52922 52778 83241 88240 83235 58759 87211 52405 29686 94550 64672 11857 93161 8452 26851 56491 53690 76809 11049 20897 79334 88518 88579 94083 64571 2039 68307 36086 58051 80966 99863 22817 27002 46190 96472 86664 84013 94241 10090 66742 92975 76026 27811 41244 23290 11486 31374 22877 78592 61963 69419 9033 86259 78962 92243 52688 51849 97022 99249 73681 57695 91086 18566 45518 75292 18142 28485 4789 14325 56388 58332 33243 32851 38177 38991 65977 84773 49327 90453 33829 80883 23647 94629 61013 80848 28373 65678 91407 20557 20656 1552 50077 59522 32777 83796 5238 83072 34971 73547 90988 20330 683 65716 64990 63342 46699 19039 71499 40754 89738 26834 31609 17240 7904 3655 23715 72588 45669 20593 95518 76363 93065 12174 63170 9274 74301 70553 54811 40869 47480 45776 37067 84424 72648 34139 52812 15289 73462 95920 25893 30741 50964 50610 22145 83877 49494 72224 56017 14343 55801 89063 84299 67978 32481 11463 15759 71188 23948 45651 81402 30709 5320 43542 4929 6130 18447 59077 7459 8073 87659 25644 87592 25890 59086 51572 71910 43475 14951 60173 36298 16861 71272 43630 29024 90512 43130 99178 76129 14611 1859 89633 5050 95876 69138 99689 40650 87364 13067 74600 63199 65884 13810 81582 8944 84388 40716 89037 23346 93902 92363 14123 69724 58302 10410 80949 92084 91268 85427 6795 85696 60783 43122
63 2
44607 74451 48662 96384 10496 88125 37145 15002 81470 47417 12762 95837 96855 9610 23043 89103 11550 89256 79976 9909 6597 93581 85045 83518 78156 58959 81746 32232 37884 65497 42665 25771 70644 74 27127 98520 4109 35933 24200 18054 39484 49341 88198 91080 3994 96763 18041 47710 33405 69771 31666 19488 62389 18896 62923 42171 19297 84053 3136 12567 1217 75318 53827
305 1222
76105 66251 70241 83786 54611 11355 10188 73854 76537 60425 67282 38485 7486 4875 30899 26733 87587 16629 8839 53658 19315 81344 97615 26265 42157 32834 60206 1116 50041 35494 82361 22385 57077 95901 52373 66516 296 56928 65561 6724 45791 6132 94764 8873 34604 54814 63 35468 44665 1880 3214 55224 11713 20616 92398 19439 23367 16760 91745 76434 23836 58280 67744 73719 85010 72888 42236 70427 76921 36120 97964 46662 46570 13209 273 74493 37426 76919 74368 7575 71694 31682 79449 64985 40954 29783 67861 5544 98374 14988 45126 23753 33578 93830 45237 67164 86870 41690 11200 99841 13857 9209 73833 76720 3944 16811 98005 95311 12186 83100 29765 50355 97470 67695 11629 74869 19145 18335 41212 76397 28676 922 80245 16987 77146 70534 81134 85840 18796 19693 21851 7576 16917 35585 92056 86515 25980 94380 56263 80229 26730 19249 74810 49276 3875 8729 61345 38046 29605 44055 94985 63104 55309 5455 13020 86035 78612 49682 75822 66515 70436 90797 73691 98766 3195 85850 88175 13093 86217 18175 27325 39741 60566 30820 69712 80639 36387 42057 31570 2394 56208 92312 1973 72081 48183 74317 43445 6518 19277 64007 65039 36417 92349 86978 20894 3943 76463 65681 22339 48352 18921 73178 69333 89526 19417 77022 33476 20301 67666 93673 62513 75385 58333 50731 87683 80958 29978 85808 18720 80497 49628 37939 20475 41678 28661 6026 60221 48579 91710 78436 62734 6818 4530 23220 94837 64710 11976 47648 26122 53955 6617 43646 56703 8750 44668 3384 79752 29938 92776 56601 74431 4345 85058 19062 43246 83185 56918 9072 71566 69583 18669 1167 92946 10028 97287 93096 13002 62784 12464 51197 16079 77877 77801 1489 3787 47405 66432 96983 71183 66803 19487 73628 63090 88420 26440 10708 24716 22674 12256 41792 90925 28517 34414 46240 19113 54334 56490 36627 39214 31622 16104 46738 20803 48397 85865
57 9
37159 46678 72406 20914 49874 10058 92499 24006 86240 43002 40675 92315 49093 16959 82720 87909 43224 65340 95113 37116 97530 33477 65788 76193 46862 66266 59081 25316 42862 78735 55802 25280 86332 52374 75499 86497 51276 60105 75374 10113 33291 48344 27110 47819 52163 27891 47252 55368 42402 18749 26678 47457 42659 57460 77312 82068 44932
375 4918
63667 95860 93578 79335 14186 40492 72829 55552 57800 15625 61251 1621 37855 57854 11279 31432 3424 33155 47265 51647 23268 97206 45829 1062 93799 20122 97513 13130 46274 55549 94722 77120 40184 62917 51857 10160 55779 21629 27865 4853 76147 82064 90445 3093 79690 69382 27755 74375 4619 57517 8894 40714 26565 29439 67758 49872 42289 8397 86304 6006 51997 47207 46851 26064 69444 15365 67815 42530 6206 5401 72723 26535 7234 89623 14663 70272 70429 1016 30106 7180 97772 67020 31831 20192 60663 50818 11865 35722 66206 52362 83180 68261 8205 46054 62778 19617 41526 44518 17477 91304 80930 36830 11543 89843 28524 60560 40075 90316 55424 85492 98710 70661 80019 24171 1752 87718 97798 72168 55608 45454 82085 50900 66592 57712 33030 59321 7345 97013 44640 25335 20935 56464 33395 31565 32555 81387 77638 83837 39494 94281 99231 95210 42049 99777 64240 3969 45520 84858 442 21941 64822 42810 80891 5312 33286 51429 23107 65319 4724 64402 25103 48313 70467 41907 40236 64676 38401 18143 60166 89531 75561 2973 69156 33341 3209 39242 7338 34588 99618 13294 42151 92661 36885 73954 38265 18634 16957 49497 34892 46871 56806 35013 22584 78688 62536 12632 27555 13112 76377 54193 39169 47653 60658 80433 44907 35697 25871 63678 78183 9080 46355 60777 58992 70704 71498 24738 93072 42415 84578 29117 96275 28630 12374 70556 66674 70617 90359 85275 61014 45892 14078 37355 35895 38722 439 60632 64574 2026 50826 36979 789 63111 99889 1072 3842 41108 57965 11410 39502 19480 42364 6595 47990 10308 18037 14728 68995 82244 74137 56298 34709 2551 61094 77676 11076 91433 81663 55478 74162 38867 60776 74004 10718 87453 16114 8683 13257 31644 25975 27108 76871 13225 54272 73798 69401 1476 11379 93795 67886 93388 28661 74275 43315 37451 29914 75161 60769 13628 55169 14665 94443 1424 31441 26264 55066 44796 28579 90325 44650 47881 30849 54422 87237 81911 69449 10010 12818 56576 13866 1624 48806 92229 84662 48489 696 9173 5906 22557 47297 39284 22344 51298 92830 97003 30239 49905 96013 23225 46940 21495 13422 20783 76191 10671 50337 87988 69460 39557 72902 20921 60986 51367 55881 41447 83931 94294 41810 34578 75437 52850 32571 21920 87875 33339 67942 82112 87546 43450 73288 20586 41830 56138 47235 5728 42899
353 1014
10006 31963 27105 92318 55755 95100 48128 50775 58355 7092 34192 3081 72195 56895 74190 43408 40351 93176 38863 27325 43765 76218 5436 16393 82055 92697 10254 54030 37872 57340 98564 16266 57363 91371 67183 948 54482 35219 80355 81629 8501 19461 49494 77371 28690 49416 33276 98303 62141 15173 39464 34935 42214 32158 15684 97192 39160 74032 69377 15696 14118 16946 5092 58141 75715 90568 5150 16678 19777 78063 15721 74877 1815 92167 62025 14575 74302 3082 384 13828 50425 35523 37332 27701 12853 91509 35361 62079 33158 17840 99896 69334 14938 62683 93351 23046 37118 88184 25579 51525 84304 29023 6548 94439 7611 75324 95305 34206 86531 80318 71640 94687 89229 55516 29988 48388 532 1492 594 72096 27227 79532 89416 73142 90086 40505 34961 33966 59393 21869 33264 28666 95899 80985 17866 97748 77228 67702 76321 56634 47488 95187 40925 86361 57988 51750 54613 60433 79384 21656 91787 98575 77666 63858 65182 76842 47145 61458 13912 50722 23843 68279 23313 5574 86897 81468 66690 44861 60633 17504 71020 55309 41071 29865 23727 85217 84859 48840 16392 9614 85472 85637 99492 21261 23669 7944 30014 4301 35289 75809 83420 82901 81485 11737 99565 19418 32326 78723 87646 39694 75774 40945 58944 86727 39805 68407 63271 89893 24100 91765 1642 1200 92826 92870 19676 40503 5689 36801 2812 31230 3855 46936 20639 75014 94965 74532 28876 77683 5325 46304 88793 68994 88872 83616 49624 39355 30539 24572 35968 25654 4112 21685 37725 96001 1430 9594 73310 38014 63236 8734 4381 96627 41868 73537 79591 36992 65264 85500 74535 84493 79813 30170 23931 10113 23688 24247 17787 99190 11916 9745 52049 91637 86131 98848 54072 51690 1023 17821 17508 98896 96607 57663 75218 40067 16816 21419 40793 46077 53524 84088 79805 55901 69665 86902 70335 58213 57779 26791 56871 66555 55752 8236 47507 16989 87469 91364 37285 97456 47074 17630 39239 19535 94169 34719 7023 72331 55211 68685 29667 11961 62527 91149 33540 52299 33224 6815 7513 30955 86278 72441 38709 31733 96840 68578 14352 39889 26673 82124 12984 75087 79385 24863 24684 72697 6003 44984 29510 71034 147 33412 21585 59742 30863
288 11019
16394 12434 90298 23075 98067 76067 28726 22024 15825 81462 50663 51645 87906 8541 4480 14542 59790 1629 36060 21363 90115 81143 16591 25664 72921 68525 47964 22287 43625 453 12768 90991 69547 1570 28962 31638 83216 86649 3951 92438 35831 39312 89184 96022 40397 72471 35338 80692 55551 18697 43718 87506 34162 79170 20826 89285 46258 49162 20076 42566 98976 43427 24077 83337 83947 80871 68135 33718 95035 55229 35378 25330 20402 87172 72780 9575 16613 16384 9185 86222 28851 78657 26852 28252 33714 29241 32099 45055 24544 90265 84840 23072 96157 89416 72229 14943 77505 4951 45594 15 65883 47445 3780 21865 12595 52781 97655 43400 23108 59093 42768 27756 24263 39231 67101 93716 90577 71325 64608 10109 14041 85429 34292 44821 98009 23626 1760 76361 29204 5286 22884 16865 40804 88071 83806 63424 41047 17472 75696 67916 38587 56239 48318 55581 41496 97551 54111 49362 71009 30306 4641 53336 92195 10526 66892 52620 69321 644 86596 31529 2047 83914 19589 20906 53540 825 43802 72109 40680 7350 69595 58658 56843 13406 11267 54155 59941 68528 75673 47090 39466 2259 15187 88719 2623 54602 74927 88495 88804 80420 74653 89059 42125 1895 52586 98658 67721 65709 61044 58063 39965 97228 55636 45163 15693 91333 61784 52576 36350 73666 9242 53002 87148 33078 88093 49940 66315 20480 29425 58294 33652 76070 84692 65262 74252 19871 10561 619 79352 58584 41188 91234 51689 58681 5366 16706 11114 5594 1691 87220 37656 87368 79655 54616 3873 76868 89287 55690 85621 39486 60680 88539 91909 72545 13418 94180 16309 25420 65215 86335 73797 14757 7719 22659 29222 59862 42132 40111 32774 88681 1370 68897 17155 71007 38095 15332 19804 34457 12803 56340 55416 61272 95348 62132 19611 3268 9843 35704
11 7
98089 11943 67494 55232 65610 51936 86769 65249 72921 29432 66324
39 6
54289 44346 9203 19198 46616 83167 74635 13137 30734 18256 35931 60985 58598 49417 90293 2565 2257 47877 46234 30424 46591 73180 80625 15771 35422 22279 7656 58133 87139 67029 33814 52349 22346 55278 99131 34331 91677 41054 69884
432 1964
50317 22370 85454 31521 47260 88769 26284 77701 49932 30660 80003 37853 16193 33572 36859 75292 56273 51497 2479 33983 9561 43677 39473 3220 72593 74172 61979 22348 32126 7805 79131 37502 98069 2392 19064 24424 78953 92635 11004 75136 66343 57301 34874 37871 27104 98311 39732 9634 5191 28153 71550 99253 18783 69288 21948 213 1524 94621 73348 19570 70684 56157 93095 91575 92494 70811 50817 81830 26899 57339 24598 24592 62607 24904 20307 82167 93287 57154 82311 24243 25563 57650 29106 436 10936 12366 47417 57652 4409 19980 34916 3169 50318 95372 1795 1235 69429 60232 53789 27308 62584 87747 27189 82581 76224 27932 19435 91634 51850 67633 38257 56491 45156 55159 85414 47767 80857 36838 30345 99791 92886 67018 37772 99415 76891 90607 87739 53159 52293 97241 89436 40454 50405 91438 12602 6517 19767 86413 77415 86785 59217 75338 69807 78479 55469 61040 86058 18798 78783 33569 49690 94434 48215 18312 49130 58 44985 62357 33628 32892 64185 69591 59915 78347 23850 54226 3641 8299 27701 73705 29272 38093 55755 9693 90409 99266 66043 8632 76309 17847 77024 41839 36473 28014 75913 73232 68799 33772 76 15877 55215 93042 64648 36807 88054 10296 93274 35727 48534 85308 2374 84712 70339 31378 12690 44127 39153 29653 46214 11529 4832 70490 91262 49582 46636 78290 1743 56623 97400 8283 72484 4433 9159 24634 39029 62722 42239 51022 63771 67155 43681 38071 84172 11332 41522 25724 35879 86829 34578 42668 76622 2309 59356 20248 29764 51937 21471 91158 14019 63103 26918 5809 82287 13580 78029 30703 97595 27957 24185 62414 76000 28055 10794 76043 86459 9855 97292 60098 80262 76114 27100 22691 86093 85491 18429 48699 79229 28658 29547 90325 69996 58608 69314 9986 32400 47555 78028 64987 99185 16140 58646 3012 73726 2199 89109 32366 77835 86642 36916 7921 39952 5329 13773 39234 12648 14914 66555 22521 95656 10087 97210 19732 37931 26251 72872 88021 98086 17324 71289 48673 53916 20719 78774 52705 23821 82676 95716 46956 84126 36746 69980 12898 83777 16705 59717 88985 78256 69925 38396 38192 25470 30440 60552 70271 67416 11391 46815 36885 42918 32303 26144 48879 34328 67872 32274 10640 11700 42552 53003 53001 83500 25596 40586 20244 67868 60272 66304 45334 46924 73178 40908 91744 58305 43641 35327 51702 30965 17527 72726 5027 98261 33009 72435 49059 91838 21840 48729 46754 55431 662 69184 67898 40218 9012 41827 40886 28934 27232 85089 1929 6411 72812 74132 55569 44390 1218 99782 7884 22793 8096 17665 92017 84367 30607 30014 96198 67478 44630 93507 77038 1863 96927 93693 96014 4024 11115 26271 31740 59082 43829 94520 79832
479 5374
74909 65648 95789 84096 94090 52290 56342 73488 90243 32561 96171 81110 65580 64169 42359 98769 87449 43726 29967 36302 16370 18599 60446 590 62910 45518 63614 44304 26432 3945 97279 25266 82304 52964 21681 84335 38686 80860 86391 61145 57901 78292 80528 6147 53394 52481 91565 208 55911 81835 78160 27280 67097 23924 99846 30538 55851 75509 39356 5532 11153 85612 70285 50413 92284 5420 86180 48194 29780 67976 8002 7840 6292 44808 44196 86405 19665 68782 94242 82434 76293 29791 61419 19106 69069 8394 15861 30192 65509 97986 19187 25700 54927 54576 93822 22888 47544 41025 71134 16112 57052 81336 53171 8242 74253 70672 94796 26543 57585 47925 7328 36967 65311 10710 17775 88162 90230 68989 87212 18024 21935 54538 2936 73159 30546 71872 52914 54722 63546 32262 42265 43847 92039 50851 31930 88869 45118 25274 43715 96786 89240 31226 26769 10014 96976 19560 4522 24623 6134 97563 19477 20808 51590 9745 60889 13666 40612 78726 66802 94449 49357 41335 66753 82718 70856 82662 84061 35294 47832 6228 62351 16201 58856 85584 94827 16229 5215 66424 63539 88000 65963 14294 28750 82459 38896 71396 38681 61290 11350 82134 78354 93336 8865 37686 36161 88129 6489 59304 29506 40719 47860 71820 64975 53983 8060 82860 9513 48912 17284 75154 64733 22258 57108 9491 7297 29441 45104 99317 88440 28849 53286 99424 55441 61794 81880 65179 5339 43989 61579 27697 67805 11539 39123 98754 95475 55475 77275 95060 90312 64594 32164 32078 59178 11294 68848 88967 39017 8120 30283 23198 41301 60516 93657 72789 39297 50359 7197 13469 42820 10693 42666 52923 54841 52583 69670 29975 56586 56289 31762 79209 60194 91729 27138 62644 42363 26861 70493 99504 13056 65927 45515 37103 33267 26425 45819 16994 75138 32203 12625 83827 20018 60281 87130 10640 67442 39785 40580 24871 47145 50997 62168 75339 25051 88355 85443 31502 19150 26569 61518 95590 5428 93531 17815 90429 44207 64072 559 21757 17355 77917 44364 12339 49026 627 91719 19927 60495 74354 12016 43917 65554 73216 41544 50365 62062 23662 39938 59616 10413 27366 55105 60192 9702 89408 83249 48095 45486 27712 55703 43028 36458 40763 31075 35817 44153 8465 50436 9850 79651 45967 43428 66364 9909 97240 95184 83262 2123 65880 8137 68298 6128 31115 472 46292 24311 33446 55440 69030 38959 55724 79348 28598 60071 95859 86774 27935 73920 94278 80696 31153 83614 67188 71886 53319 28618 68165 70334 46891 50750 34863 9865 21768 44993 60178 4591 27344 24167 25878 86543 41413 12370 31282 29639 74905 22491 41205 61124 34011 66902 2261 2441 84895 67627 56370 52434 65515 26623 76346 6906 45702 40385 75440 34417 6788 40656 11431 78674 2153 75662 12211 10012 3304 71417 53240 52572 33424 93489 67863 2384 84447 18306 95448 54856 12533 6980 18307 23712 502 18032 57722 15541 44447 73054 94553 63629 866 36052 38267 98806 85347 39346 76738 76423 40587 12968 11740 49346 52075 95998
54 5
83747 98766 75975 47716 67899 79619 63149 29740 68543 34309 87522 44464 57729 15895 10029 75350 43071 39518 91921 79099 44230 97449 75738 24769 2618 28077 16602 5577 29770 12082 90547 39102 20026 56823 10042 25952 95600 8564 55940 5182 82645 63694 17863 42219 83451 60662 5494 7768 19005 49758 17469 51891 5568 14620
308 30
43963 41492 56498 80492 16779 85216 38580 78925 87110 34005 78665 63039 93878 34523 91435 62593 97949 97876 79331 48994 83267 90721 53196 16221 66230 83576 87220 15587 4560 71515 71037 7919 768 35822 61802 20163 8955 86555 65319 15954 67563 27899 55120 16163 75519 75933 66841 51644 22874 41352 61497 97424 96952 90384 39089 39355 16514 52782 27499 41600 24808 94277 64615 42195 84202 77189 47423 67212 30260 57965 27640 12343 88464 23150 92964 55181 60639 80231 8763 24572 76283 18911 1827 39034 7146 19945 53223 99104 3957 62185 8253 40843 61259 72014 42264 32395 58397 27189 63736 27650 2103 27154 75485 58406 40391 49107 62622 65991 73929 58465 66463 9380 54819 52665 53060 19618 3393 31056 47410 2282 43786 88427 56106 16874 12898 58396 25035 37757 87580 49583 35258 7924 84295 53523 86670 87789 83370 26811 73972 47730 52097 32948 11475 10470 4228 47606 37434 3692 47358 51371 87121 78692 48005 75087 19348 3410 34380 63417 97829 37540 53845 52429 38170 17939 23615 12416 28698 61693 19501 65479 61055 46486 17549 18069 81307 17874 80578 40597 64690 17018 82037 98737 54824 97073 2961 62443 80207 36694 48235 3162 54941 66059 21082 43599 18223 41741 46787 92 13594 68257 80753 59720 3087 7906 33200 24075 47775 25073 39704 78024 13655 17675 18906 9467 22517 56614 33840 88650 83426 91892 53183 13709 5751 17547 56960 60087 37500 65585 13040 68697 91597 71520 23739 16655 3145 81457 97581 98032 40209 51001 87367 62451 508 55037 11298 23248 32097 92145 94915 5048 94153 51744 98887 4599 96035 86877 90223 45529 12287 85211 21606 16918 19128 3713 23598 96151 64383 51263 91003 88431 98423 16926 78966 10043 45745 80225 23124 73810 38964 56380 38054 99167 31308 1156 92881 92201 88117 1635 46544 12383 96278 68490 61243 10920 47463 67280 99856 85352 78303 35759 11086 78097 34692 71364 23083 45608 81771 62732
191 9
7099 24185 62490 11207 23227 67545 1988 30211 75393 35662 54023 594 77660 22062 45371 90115 51969 94536 4000 77045 50335 28917 84222 23360 50898 52558 69677 32119 47051 53113 91284 44571 18080 99390 7730 883 69207 31126 88930 6630 65132 97097 56958 13521 35437 13606 57516 53756 12298 12033 1223 29159 7718 4448 50486 83429 48704 92056 15458 50864 64948 75322 90009 89760 6668 25750 80912 46368 18950 53529 76142 19511 68795 82919 39131 15868 41478 4040 42551 42165 98751 22254 50253 8118 15022 61644 15810 70624 85224 46696 17918 49188 24967 63819 38355 69084 4898 59557 60395 69251 44353 28983 72498 18890 20892 99626 18527 41237 54545 47917 10768 44190 98694 94787 63858 43445 84986 41291 36820 46578 98391 44240 10444 24907 82265 34217 49526 71591 7883 55007 85953 55686 51467 89076 82301 66113 71087 79228 53470 29260 97049 96414 36409 59440 45314 4795 55505 21104 96705 32637 23329 55585 40657 19694 63275 92948 35118 69079 88697 7750 63896 74221 68897 72021 90869 96125 20290 93269 4224 23997 5188 1874 33108 84006 16927 31787 77964 8991 45753 50528 71038 67589 63014 8244 82499 90513 31321 75104 11264 99060 79883
151 40
67753 59394 33627 84433 17037 4369 14129 59878 47704 58130 14392 76471 57073 80578 29793 76372 80783 24321 91701 32429 86098 5479 51518 20977 58725 67444 84754 70729 733 98496 27983 40838 72880 75089 60660 32859 49727 9792 3439 2162 59204 12887 61130 20580 23290 80970 57211 71979 35971 83775 84586 54701 78661 66731 39054 39011 13789 17798 85930 33973 40633 68343 59018 28330 40905 3443 89207 21712 40457 26429 91479 4896 82461 19765 43244 75874 64644 88775 90752 97723 85150 10521 17189 99421 38900 59048 12434 49735 34275 46183 99841 87875 29657 4898 43662 73810 70553 36452 56126 88680 20075 29503 15959 32158 31195 67855 65094 17149 32875 74990 19516 74946 57928 80774 48917 46958 53931 27421 99876 55870 41029 6875 12636 94886 56627 11146 35635 3304 35960 25138 77959 44572 78131 4278 15830 81377 3524 64019 84628 63966 76839 10131 97319 36208 77469 96295 52672 42739 16183 22856 24810
440 482
86292 33245 36621 32047 80769 17963 96555 15287 39126 70188 79158 63762 63610 73501 59336 2850 34475 84269 9495 89126 61760 54707 86157 81538 20004 52447 78556 92583 62308 40157 68312 72497 17592 60761 88073 10363 39652 34374 29158 49361 27108 32925 54269 70961 27929 37219 27455 27630 32476 20422 2804 90117 13894 62524 80130 51759 17854 94947 79223 59041 41983 89769 41759 77371 45845 48191 79709 66926 97976 43195 33894 56939 55929 97355 62525 85038 14794 7777 65907 95831 32965 89299 28174 87528 56212 16181 9117 12394 90100 94638 93107 84202 20395 82384 47791 56789 15524 14583 99863 3017 64212 85567 22968 40930 51090 35644 70394 22510 57595 66958 289 10388 68772 92505 4652 92558 25252 10340 15699 58252 48539 71832 99110 88211 96899 68864 71465 69886 32645 29039 36197 98109 8458 77760 30143 28588 94256 97478 96929 87841 26662 89237 38108 74053 22680 28792 17173 71772 55476 47082 72361 51027 49540 63848 94982 23277 29656 96287 31753 33477 77435 38413 99654 47197 39572 47505 23812 81173 39484 91238 39486 42073 83457 92695 38682 8209 52741 30507 41525 21825 77299 39261 12296 99062 23670 65198 83385 1750 89870 26489 69464 61247 90112 26927 85771 47061 24061 30243 47601 15653 53959 60534 70454 43212 18241 85741 35852 7230 46412 37181 78532 46651 4517 64709 53544 39599 32848 95829 85938 47375 27747 59533 89649 60732 95757 48460 47702 29090 30204 38299 95951 45392 87080 62038 96810 83766 33471 84519 5421 44140 75976 11807 56231 90716 82185 49262 40373 99755 97547 9309 96702 77439 8591 9542 74254 52693 56802 13905 10939 43518 54050 63642 59880 15316 34074 47304 95660 34251 40786 25139 71594 48183 98035 42068 57906 9537 68766 51577 35700 50313 94385 22272 95471 25335 1052 49841 82376 90718 6963 33565 41112 70825 63904 98132 97102 17610 69150 42920 33932 98900 12569 15096 59462 23306 50717 1106 79232 61954 33556 86383 61141 68101 24007 47721 21339 28008 46329 58542 55571 25050 6122 90933 91721 70391 76022 17756 54066 9160 29066 49838 74060 50050 30414 74652 77282 77952 17421 91959 57852 5721 60251 90951 98005 45483 21749 52428 61040 82551 79219 71609 44039 66237 3297 30395 40016 3890 48242 48973 93213 2837 51262 869 6149 65922 45465 15422 21450 57109 73604 94526 69764 12652 99907 48343 27248 48594 51085 47707 82930 89936 9872 95714 65346 94642 83449 72960 38685 64105 97958 41032 61877 8320 15301 19710 34676 55025 80958 31934 76675 40191 16351 79346 12125 20407 69955 23273 93004 70481 16216 69734 71319 66681 90268 20396 46340 53847 32046 45443 28850 70929 51617 84759 58647 46991 93650 55447 33260 3079 75521 1840 85266 83876 17091 52454 2766 63134 32211 14145 69038 79543
132 32
87940 82022 55837 20165 93536 78533 75013 14447 95707 53517 22409 86882 94694 84428 19316 25881 10419 94108 31543 99974 44534 66149 5028 33977 52183 36754 70008 42654 46405 80106 41641 85782 53576 66420 66359 76503 77318 44904 53509 12761 38207 69462 56570 52896 97228 36177 66898 41721 39890 39891 25305 75341 11870 15240 93805 46888 32388 75083 56320 23152 70764 83219 39817 65207 47846 94520 42430 55362 13224 12214 50580 73218 55581 69624 4080 57359 90970 131 41288 53283 34160 46819 63787 92382 89350 68394 40772 470 55131 67005 73235 14272 35222 52094 1422 32940 92258 3512 48597 15524 21651 65975 28356 22159 89038 41055 68718 4505 891 83361 38376 61543 60856 21536 58496 30188 24463 64694 49652 13571 38794 9685 7824 25094 94428 95929 42290 70825 42076 12447 15166 57825
220 107
28173 36181 48640 67887 38480 66943 8929 94480 24403 49180 291 85747 70515 1433 28988 61777 9362 48082 29941 20604 35514 19316 63723 73517 25130 61802 45318 6459 85518 35417 40735 84413 17363 29245 71232 94590 46273 43656 44468 63350 86661 40956 50280 76071 87554 29550 65297 88121 45771 25782 85940 87358 19826 72878 78847 32124 71227 57219 43023 47822 7050 44235 69303 81920 24244 42994 44148 84046 2290 74627 71081 68633 83682 20043 45189 74728 12130 94414 20957 40654 84691 63875 59386 69281 99322 99907 96401 44475 89669 12458 98849 6771 94785 85098 30900 72752 61318 67199 82970 5546 37028 59978 20708 94683 45686 60075 14225 69783 25892 29481 58962 79672 43760 37734 40166 46651 37694 28631 99226 14329 68386 14442 69444 93788 13664 55921 87943 50812 70610 81466 76139 31317 52457 91994 41694 16827 20948 18863 58160 62950 80911 7578 2982 8341 30865 19244 1096 44236 72497 8804 56732 3588 96437 32738 74339 76766 22310 47772 75359 43603 46939 1403 51313 23237 36452 82670 23089 33052 57821 37995 97264 53390 98474 15028 68970 26127 98932 7952 84596 95242 3958 83750 59197 84935 71930 79368 88239 72766 12988 42134 17524 49506 9809 7487 18729 26150 3028 27950 232 94391 89180 81000 45683 67550 93472 22707 9167 79305 35872 39851 54082 85802 89873 5401 38820 51989 36309 21883 90768 55365
184 1214
81997 76048 69468 56803 9394 57646 14686 46113 92040 55444 94557 22888 17545 84735 27526 62296 75035 90963 91181 19758 17439 78493 22425 43892 37673 81608 34330 32899 19551 70642 65153 19817 73824 28617 41405 10075 79303 14911 60614 21414 2227 85060 3445 47108 2399 39769 25435 59352 69482 46423 47244 84712 77921 40924 54364 32293 21993 94652 46220 46785 63560 21268 96317 72745 30096 62602 89350 16413 73688 88329 7999 68226 3333 6636 88139 28539 7184 84108 26833 60485 71478 61842 56918 37319 16637 70133 17621 27201 79055 93110 852 81905 75356 55888 16824 10142 70321 33982 76476 80067 32172 12951 23888 94484 32355 16928 9049 40386 80761 24661 23656 9349 42515 47031 84807 33720 11475 9199 92967 88369 17662 33708 39887 31681 4054 25591 95377 5314 54497 99954 215 15640 51035 72692 52399 93371 93827 63781 66370 43904 7252 76419 44932 57538 17453 39446 79406 32592 92943 68789 20464 25727 97542 73892 12502 60656 94245 95295 18131 94783 56174 85966 643 60343 12164 49306 66189 92985 903 76778 51174 57070 76242 92053 9439 63052 78708 3328 3266 1858 80369 11752 34771 19621
404 1718
71438 1467 31836 2264 19869 23153 26461 1060 64871 78907 1399 88024 46307 50599 29736 47181 45051 46769 28159 53276 80464 4578 46280 38533 70329 11645 1295 77478 2365 13661 73169 97515 7332 30438 1570 90827 38009 4008 38247 98081 978 21479 49650 15269 93648 33225 31445 72142 29019 75631 75491 88748 46749 6782 23695 39822 70728 27715 83931 77271 19952 30540 26825 7015 84176 5655 13839 86679 81417 83185 39480 97169 17849 19935 27307 3904 61361 92269 12014 71881 55752 4150 40206 74866 31775 12760 2341 90003 72379 44461 48794 33697 99586 92042 71487 87000 24435 45734 58326 612 39315 80601 71461 76668 54553 66832 69889 46786 54760 96619 8893 74860 18884 99978 17629 17698 82345 49506 28679 89550 14201 33590 32749 20547 19985 21428 59970 10913 75535 63882 94254 69586 43331 44921 45491 74490 39831 92475 80130 47108 27150 57103 67490 49194 60471 36779 75553 15419 54100 42970 99544 77854 57320 51801 99656 76431 24571 74283 93253 27075 3768 43944 75687 52999 16487 62313 29965 72291 19974 84448 35756 70828 37430 8707 52198 7687 15323 58341 68588 73683 29232 47440 4161 83250 40006 2608 90513 7813 48792 46009 6600 35938 27035 24719 19600 61607 68709 89271 3449 96756 23643 74249 33418 53762 21339 96673 64634 24293 92348 79883 11616 50320 11097 9689 57852 75529 96717 91437 40364 93440 39349 26611 99156 91958 25041 56165 36505 95138 6794 38202 95660 82563 49508 33773 15533 67467 35189 62221 33304 29741 63353 46035 66413 34422 34955 25607 16393 58181 43294 44118 48642 65123 70173 59448 2173 33874 50881 10678 77261 64523 12839 75358 91728 30621 64572 30784 58930 11641 52739 73632 66140 81064 97382 1201 83697 28307 97301 12199 38372 81447 15890 96031 65148 22293 16888 47418 86855 12520 79023 54414 8838 22333 49289 12878 92540 2809 42324 52655 35070 19479 5863 9830 31694 16228 6117 85720 39908 88862 47871 12226 4231 80695 96579 49591 48741 88631 24015 35701 39567 13394 54645 18114 32941 43779 19126 1435 86625 55965 15300 16269 9884 422 48840 62319 14137 11615 34930 64273 16037 82207 83388 57494 28451 84554 20112 63951 53924 90651 35819 43015 7884 73675 70962 7556 89718 5528 33501 9557 1413 45201 93402 99107 2900 4983 64671 73228 28152 3874 19496 79287 78052 60704 15094 86583 66117 70964 99356 10525 74894 6792 34125 67225 5620 79913 3486 3618 35741 73760 11253 92592 67509 91495 27360 154 76566 30995 94885 94634 34127 78677 36835 70836 52819 8122
328 35
70251 95924 37600 23443 4307 81693 22431 96844 97748 75245 94655 62424 72885 23559 31219 19486 50144 81275 14084 98207 95729 52261 60000 47485 88734 19871 70702 73221 1712 40676 41119 35938 41269 78522 45792 78404 39614 82617 52883 52160 91413 28089 41651 97307 60222 81584 65440 85991 91995 79599 15537 14780 8415 85618 56126 87339 13202 49580 80493 14684 7669 48194 84930 38935 87911 31253 72965 97681 64656 77215 56074 89725 26190 40243 51233 58032 24869 40182 8375 83815 56318 29649 40647 11718 25476 85311 7529 96645 22052 84936 63954 19763 25512 30681 9146 77718 89479 8493 28712 60864 4102 58474 26204 72072 62243 93339 35404 49249 33177 30401 53387 1763 69916 64551 42065 71604 67682 65667 99623 26071 23201 48461 80181 60757 98443 65765 22004 35543 16769 98592 49651 83965 37271 2033 10608 47363 48392 12769 60618 12170 59571 6386 98314 55599 74826 66421 69014 96042 32738 421 63830 57206 38055 33931 27871 66226 92151 76166 56048 73773 27668 14817 24833 276 55547 25506 70420 56195 73946 21285 90751 99348 65986 22783 79623 16130 12678 56996 48841 63402 67228 47695 77625 95062 50543 14713 35421 68231 30456 39640 31857 40737 70454 63538 10842 91194 82549 36529 51376 18751 14066 88273 695 9889 89311 56893 31580 38293 29080 2911 6477 84515 51285 47759 66629 22152 23298 3453 35692 4458 53033 61157 51066 35508 11480 36026 72253 27171 70332 41210 52519 38154 20002 37806 31401 17749 39998 35171 17476 5247 58559 88798 1232 77142 79315 64383 65099 71360 1387 74546 92527 97529 96096 48111 31578 11140 51936 40355 91483 88966 33616 68136 52846 81385 59289 53589 17818 67476 87937 3241 45690 86403 55808 891 14678 87985 74493 74536 74368 42072 39918 13556 96172 77640 75870 88785 9605 35463 69012 31090 53043 42282 53355 75983 78656 76210 57781 45937 18650 62173 66639 39888 99761 44685 58515 35676 7821 30602 80015 18152 99137 12365 40996 32691 73664 17177 43967 36971 61076 8307 16759 86536 99353 64424 37978 33448 16959 96596
463 11
92798 19966 72594 78458 50465 98806 61005 99153 44199 25535 53761 91606 54252 48110 30308 70255 56496 35718 22509 72070 28304 67025 98636 54932 59208 92726 67167 10249 12262 26572 78253 75137 34678 82124 94983 27905 62331 65304 92690 19120 81225 45023 63907 10067 97942 53916 61866 34843 68294 81599 3057 50404 56114 862 23804 61197 10683 85424 34782 2113 30776 52111 74362 35320 21965 84799 68851 47548 67211 58918 25211 49094 21825 39278 81404 86792 41855 39751 75404 27762 63742 90886 99012 86997 40544 76772 30607 51995 42371 2000 87204 20231 37456 85379 53747 6224 75939 71833 45631 26325 11898 88480 86261 41500 8779 35763 55307 51566 5302 30146 82149 87956 35816 58300 70782 9456 28100 98997 22780 62247 59260 96051 69118 16100 60830 6260 60778 97944 68891 90205 55611 39965 86618 30819 63466 35896 42512 39931 71645 6173 81914 33534 43462 60736 13987 89317 7747 63226 52920 41801 90740 65488 46089 48933 87908 62490 52140 56775 31915 53343 69187 99164 4517 54358 54175 22701 25565 46967 66573 20306 45686 83604 21401 88012 37310 34570 30009 48837 22404 42184 63751 69782 46017 45106 26741 99539 75319 92965 85249 91545 7839 8122 33911 36839 60579 48 46236 36800 79015 2752 78123 14381 15872 70096 72595 10356 3810 70164 71538 4780 23108 26758 90352 28383 22071 43556 61388 85519 26441 85495 57531 49052 89778 31490 22087 2609 19391 83778 60049 65147 61906 41429 57554 67776 29386 5804 3067 97312 76912 57364 22963 23211 27888 96603 24247 12420 32886 46217 55473 98006 5787 2496 69338 44876 7245 160 7383 50819 56320 35513 60961 22250 32654 44258 23190 60521 458 72282 70455 32263 64806 4455 41845 49869 3497 62376 28163 50383 71032 13269 50841 6481 65633 75746 50876 55369 17975 47754 23518 23437 95837 2026 65121 17736 43807 52933 54961 73152 74983 28861 42688 58422 41294 58896 91114 47339 35916 79127 86570 25306 21181 8329 86282 81573 76416 59707 63317 9111 63535 42977 1419 46742 93615 65088 12054 96692 19428 10985 52175 76417 10360 89053 12873 41990 68884 65198 80448 36120 51247 47628 8208 98430 27140 4782 3891 79924 73642 48909 57331 5078 24587 58541 9946 82990 1052 27244 58425 41821 96224 8601 74103 45729 62703 78222 82385 8697 75026 46561 73517 98107 80008 46494 86251 36098 22261 12725 70891 18633 28274 9958 64626 2500 58078 15284 17981 26881 43578 50941 5179 84306 9348 38594 66083 13338 21120 71582 22768 79807 89015 87841 72331 94428 59650 18132 2288 70789 61802 77815 51558 95855 15295 38144 52740 55280 40307 3848 91773 90427 79001 48754 59785 94003 21047 31853 18976 34846 22327 81092 17818 77508 85872 62063 33185 83770 57998 9294 71425 12099 52183 57122 61630 85659 88533 74029 41058 1111 53395 84592 38182 60171 98215 98030 85195 73883 59750 43400 51710 98677 95763 46418 65588 83230 15259
236 142
45552 79902 38580 37487 30643 38310 1394 98225 28949 82079 9233 35810 34480 77209 10619 26616 81669 88818 75910 87855 28148 44035 78464 98420 12116 29869 59922 63598 37079 60217 32315 30615 20329 15466 78045 71380 48475 7167 38916 5589 62505 91140 57030 99738 76796 84497 51251 642 52614 37021 6999 76413 62971 55125 40928 52263 94028 48903 21572 92375 41466 42098 62961 36233 40098 24576 56111 30791 64831 17962 70166 69294 75052 23862 44307 45161 55327 82504 39901 67714 81484 24529 13685 10050 15760 69364 28530 38251 30018 14994 38114 72499 24470 32250 14815 85659 42888 288 24593 21098 1506 21543 10354 36186 74153 6023 29511 61136 92947 97124 4533 72074 52722 37117 73774 97977 70161 10270 57537 15653 77917 67659 88184 75030 99470 35516 65291 67776 71551 15349 3819 54785 9663 83958 55141 41618 27469 96800 62115 45554 96132 94948 92377 26795 4858 56746 12930 8122 80812 82206 62949 55309 11222 26748 93762 27396 35977 40127 30708 97447 42908 36006 30165 72805 35847 78545 58588 33331 4556 70291 30125 29191 2663 67657 57728 23073 54123 4321 81486 91346 51968 41866 60922 85617 74347 59895 80863 55062 66215 1729 21791 35511 60446 75193 39844 80416 31552 15201 50756 57907 10899 90300 76936 20019 37188 18449 86668 8979 6552 95932 6639 93147 11731 59054 62444 28915 53042 17223 30566 14977 87895 77166 45219 87090 7202 87929 60412 23112 69485 97624 51740 46923 94418 97884 48502 80118
24 5
49350 75658 37752 38488 43289 94220 42722 78937 25310 89239 17949 85621 20234 37168 75509 96369 79589 32572 84978 40427 62642 68351 26238 26291
154 3
43785 12108 23349 97393 1461 39009 99799 29334 56987 45288 73732 3170 45598 82678 62052 51469 65115 31814 97390 68176 31383 6318 59773 61328 29832 8839 30343 84262 48302 55444 84818 49216 30697 65586 41096 11627 17909 45488 77591 20055 42362 77011 64973 68969 68304 59675 18369 32712 87269 1558 60383 27504 29080 49590 59572 85403 30207 35921 71358 56326 24980 36346 70644 30510 28705 29827 16499 49341 87305 56218 98387 8104 32000 1506 30512 55554 85723 52363 73592 94023 25362 65901 32985 50073 50597 97784 68120 89722 50520 42973 95887 8422 33901 11137 2889 36185 24524 94927 91364 59436 3630 65234 18953 31377 60820 85480 30591 40335 63228 95022 80646 92389 18424 43001 73532 48251 19398 4332 22170 56246 91579 61943 32147 85254 99911 20794 95359 97101 23381 90778 23791 58077 92627 18543 55050 44792 21635 94262 96090 28334 95823 16307 8947 77856 77036 22251 48721 8574 35531 53908 55072 22178 13487 37856
500 1041979218
2 1 4 3 6 5 8 7 10 9 12 11 14 13 16 15 18 17 20 19 22 21 24 23 26 25 28 27 30 29 32 31 34 33 36 35 38 37 40 39 42 41 44 43 46 45 48 47 50 49 52 51 54 53 56 55 58 57 60 59 62 61 64 63 66 65 68 67 70 69 72 71 74 73 76 75 78 77 80 79 82 81 84 83 86 85 88 87 90 89 92 91 94 93 96 95 98 97 100 99 102 101 104 103 106 105 108 107 110 109 112 111 114 113 116 115 118 117 120 119 122 121 124 123 126 125 128 127 130 129 132 131 134 133 136 135 138 137 140 139 142 141 144 143 146 145 148 147 150 149 152 151 154 153 156 155 158 157 160 159 162 161 164 163 166 165 168 167 170 169 172 171 174 173 176 175 178 177 180 179 182 181 184 183 186 185 188 187 190 189 192 191 194 193 196 195 198 197 200 199 202 201 204 203 206 205 208 207 210 209 212 211 214 213 216 215 218 217 220 219 222 221 224 223 226 225 228 227 230 229 232 231 234 233 236 235 238 237 240 239 242 241 244 243 246 245 248 247 250 249 252 251 254 253 256 255 258 257 260 259 262 261 264 263 266 265 268 267 270 269 272 271 274 273 276 275 278 277 280 279 282 281 284 283 286 285 288 287 290 289 292 291 294 293 296 295 298 297 300 299 302 301 304 303 306 305 308 307 310 309 312 311 314 313 316 315 318 317 320 319 322 321 324 323 326 325 328 327 330 329 332 331 334 333 336 335 338 337 340 339 342 341 344 343 346 345 348 347 350 349 352 351 354 353 356 355 358 357 360 359 362 361 364 363 366 365 368 367 370 369 372 371 374 373 376 375 378 377 380 379 382 381 384 383 386 385 388 387 390 389 392 391 394 393 396 395 398 397 400 399 402 401 404 403 406 405 408 407 410 409 412 411 414 413 416 415 418 417 420 419 422 421 424 423 426 425 428 427 430 429 432 431 434 433 436 435 438 437 440 439 442 441 444 443 446 445 448 447 450 449 452 451 454 453 456 455 458 457 460 459 462 461 464 463 466 465 468 467 470 469 472 471 474 473 476 475 478 477 480 479 482 481 484 483 486 485 488 487 490 489 492 491 494 493 496 495 498 497 500 499
500 1052363908
2 1 4 3 6 5 8 7 10 9 12 11 14 13 16 15 18 17 20 19 22 21 24 23 26 25 28 27 30 29 32 31 34 33 36 35 38 37 40 39 42 41 44 43 46 45 48 47 50 49 52 51 54 53 56 55 58 57 60 59 62 61 64 63 66 65 68 67 70 69 72 71 74 73 76 75 78 77 80 79 82 81 84 83 86 85 88 87 90 89 92 91 94 93 96 95 98 97 100 99 102 101 104 103 106 105 108 107 110 109 112 111 114 113 116 115 118 117 120 119 122 121 124 123 126 125 128 127 130 129 132 131 134 133 136 135 138 137 140 139 142 141 144 143 146 145 148 147 150 149 152 151 154 153 156 155 158 157 160 159 162 161 164 163 166 165 168 167 170 169 172 171 174 173 176 175 178 177 180 179 182 181 184 183 186 185 188 187 190 189 192 191 194 193 196 195 198 197 200 199 202 201 204 203 206 205 208 207 210 209 212 211 214 213 216 215 218 217 220 219 222 221 224 223 226 225 228 227 230 229 232 231 234 233 236 235 238 237 240 239 242 241 244 243 246 245 248 247 250 249 252 251 254 253 256 255 258 257 260 259 262 261 264 263 266 265 268 267 270 269 272 271 274 273 276 275 278 277 280 279 282 281 284 283 286 285 288 287 290 289 292 291 294 293 296 295 298 297 300 299 302 301 304 303 306 305 308 307 310 309 312 311 314 313 316 315 318 317 320 319 322 321 324 323 326 325 328 327 330 329 332 331 334 333 336 335 338 337 340 339 342 341 344 343 346 345 348 347 350 349 352 351 354 353 356 355 358 357 360 359 362 361 364 363 366 365 368 367 370 369 372 371 374 373 376 375 378 377 380 379 382 381 384 383 386 385 388 387 390 389 392 391 394 393 396 395 398 397 400 399 402 401 404 403 406 405 408 407 410 409 412 411 414 413 416 415 418 417 420 419 422 421 424 423 426 425 428 427 430 429 432 431 434 433 436 435 438 437 440 439 442 441 444 443 446 445 448 447 450 449 452 451 454 453 456 455 458 457 460 459 462 461 464 463 466 465 468 467 470 469 472 471 474 473 476 475 478 477 480 479 482 481 484 483 486 485 488 487 490 489 492 491 494 493 496 495 498 497 500 499
500 804980286
2 1 4 3 6 5 8 7 10 9 12 11 14 13 16 15 18 17 20 19 22 21 24 23 26 25 28 27 30 29 32 31 34 33 36 35 38 37 40 39 42 41 44 43 46 45 48 47 50 49 52 51 54 53 56 55 58 57 60 59 62 61 64 63 66 65 68 67 70 69 72 71 74 73 76 75 78 77 80 79 82 81 84 83 86 85 88 87 90 89 92 91 94 93 96 95 98 97 100 99 102 101 104 103 106 105 108 107 110 109 112 111 114 113 116 115 118 117 120 119 122 121 124 123 126 125 128 127 130 129 132 131 134 133 136 135 138 137 140 139 142 141 144 143 146 145 148 147 150 149 152 151 154 153 156 155 158 157 160 159 162 161 164 163 166 165 168 167 170 169 172 171 174 173 176 175 178 177 180 179 182 181 184 183 186 185 188 187 190 189 192 191 194 193 196 195 198 197 200 199 202 201 204 203 206 205 208 207 210 209 212 211 214 213 216 215 218 217 220 219 222 221 224 223 226 225 228 227 230 229 232 231 234 233 236 235 238 237 240 239 242 241 244 243 246 245 248 247 250 249 252 251 254 253 256 255 258 257 260 259 262 261 264 263 266 265 268 267 270 269 272 271 274 273 276 275 278 277 280 279 282 281 284 283 286 285 288 287 290 289 292 291 294 293 296 295 298 297 300 299 302 301 304 303 306 305 308 307 310 309 312 311 314 313 316 315 318 317 320 319 322 321 324 323 326 325 328 327 330 329 332 331 334 333 336 335 338 337 340 339 342 341 344 343 346 345 348 347 350 349 352 351 354 353 356 355 358 357 360 359 362 361 364 363 366 365 368 367 370 369 372 371 374 373 376 375 378 377 380 379 382 381 384 383 386 385 388 387 390 389 392 391 394 393 396 395 398 397 400 399 402 401 404 403 406 405 408 407 410 409 412 411 414 413 416 415 418 417 420 419 422 421 424 423 426 425 428 427 430 429 432 431 434 433 436 435 438 437 440 439 442 441 444 443 446 445 448 447 450 449 452 451 454 453 456 455 458 457 460 459 462 461 464 463 466 465 468 467 470 469 472 471 474 473 476 475 478 477 480 479 482 481 484 483 486 485 488 487 490 489 492 491 494 493 496 495 498 497 500 499
500 775590282
2 1 4 3 6 5 8 7 10 9 12 11 14 13 16 15 18 17 20 19 22 21 24 23 26 25 28 27 30 29 32 31 34 33 36 35 38 37 40 39 42 41 44 43 46 45 48 47 50 49 52 51 54 53 56 55 58 57 60 59 62 61 64 63 66 65 68 67 70 69 72 71 74 73 76 75 78 77 80 79 82 81 84 83 86 85 88 87 90 89 92 91 94 93 96 95 98 97 100 99 102 101 104 103 106 105 108 107 110 109 112 111 114 113 116 115 118 117 120 119 122 121 124 123 126 125 128 127 130 129 132 131 134 133 136 135 138 137 140 139 142 141 144 143 146 145 148 147 150 149 152 151 154 153 156 155 158 157 160 159 162 161 164 163 166 165 168 167 170 169 172 171 174 173 176 175 178 177 180 179 182 181 184 183 186 185 188 187 190 189 192 191 194 193 196 195 198 197 200 199 202 201 204 203 206 205 208 207 210 209 212 211 214 213 216 215 218 217 220 219 222 221 224 223 226 225 228 227 230 229 232 231 234 233 236 235 238 237 240 239 242 241 244 243 246 245 248 247 250 249 252 251 254 253 256 255 258 257 260 259 262 261 264 263 266 265 268 267 270 269 272 271 274 273 276 275 278 277 280 279 282 281 284 283 286 285 288 287 290 289 292 291 294 293 296 295 298 297 300 299 302 301 304 303 306 305 308 307 310 309 312 311 314 313 316 315 318 317 320 319 322 321 324 323 326 325 328 327 330 329 332 331 334 333 336 335 338 337 340 339 342 341 344 343 346 345 348 347 350 349 352 351 354 353 356 355 358 357 360 359 362 361 364 363 366 365 368 367 370 369 372 371 374 373 376 375 378 377 380 379 382 381 384 383 386 385 388 387 390 389 392 391 394 393 396 395 398 397 400 399 402 401 404 403 406 405 408 407 410 409 412 411 414 413 416 415 418 417 420 419 422 421 424 423 426 425 428 427 430 429 432 431 434 433 436 435 438 437 440 439 442 441 444 443 446 445 448 447 450 449 452 451 454 453 456 455 458 457 460 459 462 461 464 463 466 465 468 467 470 469 472 471 474 473 476 475 478 477 480 479 482 481 484 483 486 485 488 487 490 489 492 491 494 493 496 495 498 497 500 499
500 68399435
2 1 4 3 6 5 8 7 10 9 12 11 14 13 16 15 18 17 20 19 22 21 24 23 26 25 28 27 30 29 32 31 34 33 36 35 38 37 40 39 42 41 44 43 46 45 48 47 50 49 52 51 54 53 56 55 58 57 60 59 62 61 64 63 66 65 68 67 70 69 72 71 74 73 76 75 78 77 80 79 82 81 84 83 86 85 88 87 90 89 92 91 94 93 96 95 98 97 100 99 102 101 104 103 106 105 108 107 110 109 112 111 114 113 116 115 118 117 120 119 122 121 124 123 126 125 128 127 130 129 132 131 134 133 136 135 138 137 140 139 142 141 144 143 146 145 148 147 150 149 152 151 154 153 156 155 158 157 160 159 162 161 164 163 166 165 168 167 170 169 172 171 174 173 176 175 178 177 180 179 182 181 184 183 186 185 188 187 190 189 192 191 194 193 196 195 198 197 200 199 202 201 204 203 206 205 208 207 210 209 212 211 214 213 216 215 218 217 220 219 222 221 224 223 226 225 228 227 230 229 232 231 234 233 236 235 238 237 240 239 242 241 244 243 246 245 248 247 250 249 252 251 254 253 256 255 258 257 260 259 262 261 264 263 266 265 268 267 270 269 272 271 274 273 276 275 278 277 280 279 282 281 284 283 286 285 288 287 290 289 292 291 294 293 296 295 298 297 300 299 302 301 304 303 306 305 308 307 310 309 312 311 314 313 316 315 318 317 320 319 322 321 324 323 326 325 328 327 330 329 332 331 334 333 336 335 338 337 340 339 342 341 344 343 346 345 348 347 350 349 352 351 354 353 356 355 358 357 360 359 362 361 364 363 366 365 368 367 370 369 372 371 374 373 376 375 378 377 380 379 382 381 384 383 386 385 388 387 390 389 392 391 394 393 396 395 398 397 400 399 402 401 404 403 406 405 408 407 410 409 412 411 414 413 416 415 418 417 420 419 422 421 424 423 426 425 428 427 430 429 432 431 434 433 436 435 438 437 440 439 442 441 444 443 446 445 448 447 450 449 452 451 454 453 456 455 458 457 460 459 462 461 464 463 466 465 468 467 470 469 472 471 474 473 476 475 478 477 480 479 482 481 484 483 486 485 488 487 490 489 492 491 494 493 496 495 498 497 500 499
