26
5128 22078 28760 28944 29941 45308 50729 53944 54073 54373 59914 64879 68228 71294 71362 71799 74742 77324 77872 79126 79201 79835 81958 82308 88076 95695
32
9570 13595 18544 29748 30283 31429 31591 31684 32149 35953 38037 39396 48454 49788 51655 53102 64636 68226 73503 73650 74913 75331 76291 81537 81587 86385 89403 89643 92853 93317 95128 95204
22
2492 15219 19974 29475 35575 38140 46757 54057 57979 58893 61452 66292 68464 71014 71042 74743 77375 77997 85684 90821 91611 95036
11
22258 42587 46155 48117 52357 59316 60451 61584 63722 80832 90457
4
7305 15189 41048 45017
31
971 12398 12425 13332 16214 17382 17679 30266 31858 36492 39670 43400 44570 47206 47953 53958 54368 59911 60037 63989 69140 71913 74919 79721 80095 84478 84779 86291 87596 89219 91301
39
1166 4880 5753 9313 9812 10947 11063 12624 18318 18347 19077 21304 23086 24346 25080 27873 30473 31209 36351 43036 47742 48057 49662 51172 52115 54457 57222 61477 65883 68327 71575 71960 75099 81388 84285 89167 93021 93556 94178
34
5472 6872 13395 25591 26911 29533 42393 43689 55259 55915 57925 59567 60072 63665 67321 67462 70916 71035 71516 71981 73456 74583 74824 80084 81562 85937 87604 88048 92749 94719 95010 95411 97319 98251
22
628 1529 6476 17674 20668 21052 23314 26807 27063 27124 36551 38651 43567 49612 52126 54973 59220 64562 68358 90308 98135 98516
13
3613 3742 14723 14745 20022 33069 43070 64695 66145 69532 75763 76342 83705
16
3165 4747 16342 20330 38681 43341 44809 54025 57588 60119 62019 68278 76030 80782 91985 97135
32
1747 5088 7112 9954 10886 15956 27459 28681 29105 34088 39213 48611 48817 53548 54382 55236 56069 56631 57153 58580 65281 71721 75573 79833 83271 87305 89176 89300 93192 94339 98020 99904
22
3408 23223 26150 30573 31538 34715 36549 38775 38828 41853 44139 56952 61923 64100 69343 78660 81631 81968 85578 90408 91206 93053
16
12689 20161 24071 27420 33651 35424 37851 40146 43137 47635 53109 57387 68308 70685 84759 85097
20
1000 4542 5454 6402 10294 17069 17368 24946 28918 31158 44788 46217 47224 50102 50932 54914 55819 67754 86187 94071
33
7481 11068 12659 13540 15499 19208 22645 22777 25694 25913 29428 32193 39593 40257 40369 44652 46428 47980 51716 52414 55426 58519 76179 78274 80788 85753 87688 88617 88674 90508 91816 93224 95587
33
4835 14270 16586 20941 27207 30698 31849 33438 38103 38727 40166 40426 47299 49080 54369 57477 62553 63206 63493 72646 72797 74453 74486 74997 78367 78595 85499 88979 89681 90717 91394 97936 98206
26
7490 8037 9497 14978 28103 32001 37956 38890 41887 42159 42284 44253 45336 45578 47402 48324 48589 52875 58379 60918 65623 66654 69138 70647 74470 90508
24
4700 7308 15386 16082 17857 26470 30614 30871 38367 39382 39431 41601 42086 49907 56522 57768 59985 66370 67201 69147 72653 72726 79394 82073
19
3736 4018 4083 4337 6066 16368 23918 26727 30256 32209 36326 47967 52226 58296 62054 64773 85069 93517 96854
30
1941 2248 8254 10724 12762 15074 21095 25052 26285 26851 27002 27811 31374 33243 38177 38991 40754 45669 45776 50610 55801 59077 59086 60173 69138 74600 81582 84388 89037 92363
11
10496 12762 23043 25771 27127 35933 39484 47710 62389 62923 84053
30
4875 6132 8873 11713 13209 13857 16811 16987 18796 19693 21851 25980 26730 29605 30820 36387 42057 48183 64007 65039 65681 69333 75385 80958 85808 91710 92776 92946 93096 96983
11
20914 24006 40675 43224 46862 51276 52163 55368 57460 77312 82068
33
1621 3424 4853 6006 6206 7234 14663 20192 24171 25335 31565 32555 33286 33341 34588 34892 35013 35697 35895 36979 41108 42364 43315 44650 47881 48806 49905 50337 51367 55881 67942 82112 87546
34
3081 5436 10254 15173 15684 15696 15721 17840 23046 25579 29023 29988 33966 47488 51750 54613 60433 63858 65182 68279 71020 84859 85472 85637 87646 89893 91765 92826 92870 94965 96001 96627 98848 98896
31
12434 14542 16591 18697 20826 24077 25330 26852 28252 29241 32099 39231 40804 41047 41496 49362 53336 53540 56843 59941 61044 61784 73666 76070 79352 87220 87368 89287 91909 94180 95348
4
11943 55232 65610 86769
10
9203 19198 30734 35931 46234 46591 73180 80625 87139 99131
38
2479 3220 7805 11004 18783 21948 24592 24904 25563 29106 34916 36838 37772 40454 50405 59217 61040 62357 64185 66043 68799 70339 70490 72484 76000 76043 76114 77835 78774 82676 84126 88985 91744 91838 92017 93507 93693 96014
37
590 3945 5420 8002 8394 15861 16112 17775 18024 21935 30546 32262 42265 43847 45118 47832 47860 48912 50359 52923 54841 56289 60194 60281 62168 64072 65554 66364 68298 69030 70334 74905 75440 78674 93489 94553 95998
8
10029 24769 28077 29770 39102 55940 63694 83451
34
4560 7919 8955 15954 16163 16514 23150 24572 27189 27650 31056 32948 34380 37540 38170 40597 43599 46787 47775 53183 56960 60087 65585 68697 71520 81457 87367 92145 94915 96035 96151 98423 99167 99856
27
594 883 1223 4448 6668 8118 15022 15810 17918 24967 28983 41237 43445 44240 49526 51467 53470 55505 55585 63275 63896 68897 72021 77964 82499 90513 99060
21
4369 14129 14392 24321 27983 32859 35971 39011 40633 40905 43244 46183 48917 53931 55870 56627 77959 78131 81377 84628 97319
40
2850 9495 10363 13894 14794 16181 20395 22510 25252 28588 28792 29656 31753 33477 38413 39484 39486 41525 43212 46412 46651 47375 48460 49262 52693 54050 57906 59462 61141 68101 70391 74060 74652 77282 77952 79219 82930 83449 84759 93650
20
14447 22409 25881 31543 33977 36754 38207 39890 39891 46888 47846 55362 55581 57359 63787 67005 73235 92258 94428 95929
27
291 1433 9362 19316 25130 35417 40735 43656 44468 45771 57219 59386 59978 60075 68386 69444 70610 72497 74339 76766 82670 83750 84935 88239 89180 89873 90768
23
9394 14686 17545 19758 22425 32899 41405 46423 47244 54364 60485 61842 70133 70321 76476 80067 80761 84807 88369 93371 93827 94245 95295
36
1467 2264 2365 4008 6782 7015 13839 17849 19935 27307 31775 33697 39315 43331 44921 45491 47108 49194 51801 52198 53762 57852 58181 59448 64523 64572 65148 79023 80695 82207 83388 84554 90651 93402 99107 99356
30
1712 8415 13202 14684 24869 25476 25512 26204 30401 35543 37271 47363 48392 55599 56048 56195 56996 63402 67228 68231 70454 71360 74493 74536 75870 75983 78656 80015 86536 99353
41
862 2000 5302 6173 7747 7839 8122 14381 15872 22071 22087 22963 23211 24247 32886 35513 44258 49869 50383 50841 50876 52933 54961 58422 58896 59707 63317 63535 65088 65198 66083 71582 72331 77815 79001 81092 83770 85659 88533 98030 98677
27
1394 9233 10619 26616 28148 29869 30615 37021 40928 41466 42098 44307 45161 52722 54785 55141 56746 58588 59895 60446 75193 76936 77166 87090 87929 97624 97884
6
37752 38488 42722 78937 79589 84978
25
1461 3170 6318 8839 11627 17909 18369 27504 29080 30207 30510 32000 32985 33901 36185 40335 43001 48251 56246 61943 85254 90778 92627 94262 95823
250
1 3 5 7 9 11 13 15 17 19 21 23 25 27 29 31 33 35 37 39 41 43 45 47 49 51 53 55 57 59 61 63 65 67 69 71 73 75 77 79 81 83 85 87 89 91 93 95 97 99 101 103 105 107 109 111 113 115 117 119 121 123 125 127 129 131 133 135 137 139 141 143 145 147 149 151 153 155 157 159 161 163 165 167 169 171 173 175 177 179 181 183 185 187 189 191 193 195 197 199 201 203 205 207 209 211 213 215 217 219 221 223 225 227 229 231 233 235 237 239 241 243 245 247 249 251 253 255 257 259 261 263 265 267 269 271 273 275 277 279 281 283 285 287 289 291 293 295 297 299 301 303 305 307 309 311 313 315 317 319 321 323 325 327 329 331 333 335 337 339 341 343 345 347 349 351 353 355 357 359 361 363 365 367 369 371 373 375 377 379 381 383 385 387 389 391 393 395 397 399 401 403 405 407 409 411 413 415 417 419 421 423 425 427 429 431 433 435 437 439 442 444 446 448 450 451 453 455 457 460 462 463 466 468 469 472 473 476 477 480 482 484 485 488 489 492 493 495 497 500
250
1 3 5 7 9 11 13 15 17 19 21 23 25 27 29 31 33 35 37 39 41 43 45 47 49 51 53 55 57 59 61 63 65 67 69 71 73 75 77 79 81 83 85 87 89 91 93 95 97 99 101 103 105 107 109 111 113 115 117 119 121 123 125 127 129 131 133 135 137 139 141 143 145 147 149 151 153 155 157 159 161 163 165 167 169 171 173 175 177 179 181 183 185 187 189 191 193 195 197 199 201 203 205 207 209 211 213 215 217 219 221 223 225 227 229 231 233 235 237 239 241 243 245 247 249 251 253 255 257 259 261 263 265 267 269 271 273 275 277 279 281 283 285 287 289 291 293 295 297 299 301 303 305 307 309 311 313 315 317 319 321 323 325 327 329 331 333 335 337 339 341 343 345 347 349 351 353 355 357 359 361 363 365 367 369 371 373 375 377 379 381 383 385 387 389 391 393 395 397 399 401 403 405 407 409 411 413 415 417 419 421 423 425 427 429 431 433 435 437 439 442 444 446 448 450 451 454 455 458 460 462 463 465 468 470 472 473 475 478 480 481 483 486 487 489 491 493 495 498 500
250
1 3 5 7 9 11 13 15 17 19 21 23 25 27 29 31 33 35 37 39 41 43 45 47 49 51 53 55 57 59 61 63 65 67 69 71 73 75 77 79 81 83 85 87 89 91 93 95 97 99 101 103 105 107 109 111 113 115 117 119 121 123 125 127 129 131 133 135 137 139 141 143 145 147 149 151 153 155 157 159 161 163 165 167 169 171 173 175 177 179 181 183 185 187 189 191 193 195 197 199 201 203 205 207 209 211 213 215 217 219 221 223 225 227 229 231 233 235 237 239 241 243 245 247 249 251 253 255 257 259 261 263 265 267 269 271 273 275 277 279 281 283 285 287 289 291 293 295 297 299 301 303 305 307 309 311 313 315 317 319 321 323 325 327 329 331 333 335 337 339 341 343 345 347 349 351 353 355 357 359 361 363 365 367 369 371 373 375 377 379 381 383 385 387 389 391 393 395 397 399 401 403 405 407 409 411 413 415 417 419 421 423 425 427 429 431 433 435 437 439 442 443 446 448 450 452 454 456 458 460 462 463 466 468 469 471 473 475 477 480 482 483 485 487 490 492 494 496 497 500
250
1 3 5 7 9 11 13 15 17 19 21 23 25 27 29 31 33 35 37 39 41 43 45 47 49 51 53 55 57 59 61 63 65 67 69 71 73 75 77 79 81 83 85 87 89 91 93 95 97 99 101 103 105 107 109 111 113 115 117 119 121 123 125 127 129 131 133 135 137 139 141 143 145 147 149 151 153 155 157 159 161 163 165 167 169 171 173 175 177 179 181 183 185 187 189 191 193 195 197 199 201 203 205 207 209 211 213 215 217 219 221 223 225 227 229 231 233 235 237 239 241 243 245 247 249 251 253 255 257 259 261 263 265 267 269 271 273 275 277 279 281 283 285 287 289 291 293 295 297 299 301 303 305 307 309 311 313 315 317 319 321 323 325 327 329 331 333 335 337 339 341 343 345 347 349 351 353 355 357 359 361 363 365 367 369 371 373 375 377 379 381 383 385 387 389 391 393 395 397 399 401 403 405 407 409 411 413 415 417 419 421 423 425 427 429 431 433 435 437 439 442 443 446 448 450 451 453 455 458 460 462 463 466 467 470 471 473 476 477 479 481 484 486 487 489 491 494 495 497 500
250
1 3 5 7 9 11 13 15 17 19 21 23 25 27 29 31 33 35 37 39 41 43 45 47 49 51 53 55 57 59 61 63 65 67 69 71 73 75 77 79 81 83 85 87 89 91 93 95 97 99 101 103 105 107 109 111 113 115 117 119 121 123 125 127 129 131 133 135 137 139 141 143 145 147 149 151 153 155 157 159 161 163 165 167 169 171 173 175 177 179 181 183 185 187 189 191 193 195 197 199 201 203 205 207 209 211 213 215 217 219 221 223 225 227 229 231 233 235 237 239 241 243 245 247 249 251 253 255 257 259 261 263 265 267 269 271 273 275 277 279 281 283 285 287 289 291 293 295 297 299 301 303 305 307 309 311 313 315 317 319 321 323 325 327 329 331 333 335 337 339 341 343 345 347 349 351 353 355 357 359 361 363 365 367 369 371 373 375 377 379 381 383 385 387 389 391 393 395 397 399 401 403 405 407 409 411 413 415 417 419 421 423 425 427 429 431 433 435 437 439 441 443 445 448 449 451 453 455 457 460 461 463 466 468 470 471 474 476 477 479 481 484 485 488 489 491 494 495 498 499
