50
2
2 2
3
3 2 2
3
1 1 2
3
2 3 1
26
37 42 34 32 38 36 40 39 34 40 35 40 32 45 36 32 33 48 38 36 40 52 41 35 37 48
3
3 1 2
26
32 40 30 26 47 47 57 48 39 31 35 45 36 42 36 37 47 39 37 36 34 45 35 34 32 33
26
19 21 174 12 16 179 20 19 18 21 18 18 13 15 214 15 18 25 24 19 16 19 20 23 28 16
3
3 3 3
26
17 22 25 19 173 196 14 21 15 24 182 18 17 20 17 24 23 19 16 15 11 30 23 19 22 18
26
43 33 28 38 43 37 43 34 44 36 43 41 38 36 34 35 39 36 41 41 43 42 41 33 49 29
26
20 1 20 1 20 1 20 1 20 1 20 1 20 1 20 1 20 1 20 1 20 1 20 1 20 1
5
197 212 194 184 211
3
2 2 2
26
112 133 133 106 113 23 19 28 22 23 17 16 14 20 15 19 21 22 16 12 21 22 15 21 17 20
22
50 38 46 55 47 41 41 33 41 47 49 60 48 45 40 43 55 35 49 47 39 45
3
1 4 4
26
173 192 207 15 14 22 21 19 15 22 16 9 22 14 15 20 20 22 18 18 22 22 19 21 21 21
26
1 1 1 1 1 1 1 1 1 1 1 1 1 1 1 1 1 1 1 1 1 1 1 1 1 1
26
36 30 44 30 37 35 32 36 35 49 31 44 40 40 46 33 34 37 41 39 46 41 40 35 37 45
3
2 1 3
3
2 2 1
26
28 27 28 38 31 43 34 37 41 37 35 46 40 41 36 35 38 42 47 30 47 46 49 47 44 33
26
18 139 16 17 155 24 16 17 16 13 24 19 157 19 27 18 21 17 22 17 19 20 18 19 132 20
3
4 4 1
26
116 113 141 104 99 19 20 15 20 27 24 22 20 21 28 21 19 21 21 19 14 19 16 20 17 24
4
249 258 235 257
10
9 1 9 1 9 1 9 1 9 1
26
48 39 47 40 40 44 36 44 27 36 32 43 35 32 40 29 41 43 39 38 41 40 40 33 43 24
3
4 3 2
26
16 282 14 14 10 21 15 22 28 14 20 24 269 17 21 18 16 19 26 17 14 28 17 23 18 17
25
37 36 38 44 41 32 35 44 39 50 38 47 31 49 37 42 37 48 48 33 33 33 39 44 37
20
56 49 45 56 55 37 52 56 47 51 52 52 47 47 44 48 53 46 47 53
3
334 343 322
3
3 4 2
26
25 1 1 1 1 1 1 1 1 1 1 1 1 1 1 1 1 1 1 1 1 1 1 1 1 1
22
37 57 50 33 43 48 49 38 45 48 55 42 50 37 52 49 41 46 48 40 46 41
4
248 284 233 229
26
174 178 189 22 20 19 13 14 22 26 19 25 21 18 19 18 18 18 20 23 11 18 21 28 20 26
6
163 171 185 172 155 153
10
104 94 109 87 88 89 100 104 108 108
6
153 152 159 174 185 171
26
34 40 44 42 35 35 37 28 43 38 47 39 41 33 35 45 38 42 46 45 38 34 32 27 35 47
16
1 1 1 1 15 1 1 1 1 1 1 1 1 1 1 1
26
41 40 27 41 38 36 46 38 45 38 39 32 33 36 36 39 36 46 38 38 49 33 37 31 42 45
23
51 49 33 51 45 46 46 38 47 50 29 40 46 38 42 50 35 49 42 34 40 41 50
4
267 250 238 245
3
2 2 3
26
19 20 20 28 19 19 20 28 20 21 11 273 15 21 18 19 21 15 14 15 17 24 16 271 20 16
3
4 2 2
