100
5 4
2 1
4 20
7 32
19 71408
7 5
7 31
8 34
39 104508851092
3 2
7 17
50 1
49 140737488355329
49 140737488355328
34 3367912949
7 8
7 23
50 999999999999999999
7 27
7 11
29 113315549
33 1021065756
7 25
19 5352
38 7619228726
40 137760390067
22 777036
16 9623
7 1
7 28
19 75480
50 281474976710657
7 9
4 3
47 30574598121070
37 28433949464
7 21
38 68655081018
7 2
50 75545082835792
4 4
27 22095254
7 7
11 382
4 5
49 51082516740192
3 1
7 12
34 2603477634
7 19
7 15
7 24
50 281474976710656
26 5908297
7 6
3 3
50 105553116266496
39 95850503611
46 6330314893076
7 26
49 281474976710656
7 16
7 30
7 33
23 1097427
9 82
36 12009581366
9 114
49 98166364872866
7 3
2 2
49 104484947755004
23 1561386
7 29
7 20
29 84520674
4 1
18 48309
25 1000000000000000000
7 18
7 22
7 10
21 441263
23 1509697
7 4
7 13
50 281474976710655
25 252525
18 65338
4 2
7 14
50 1000000000000000000
2 1000000000000000000
25 8388609
19 84351
10 152
50 140737488355328
47 22463079430838
27 16033573
26 4560715
