20
16
102.6490302625 37.8444635991
25.6510503111 293.6742285534
389.1504450858 831.1493521010
527.7542510344 571.9216238806
180.6795287170 560.2807982008
874.4882423692 354.7065221896
366.3194185429 961.7843031446
107.8380740281 588.9196991981
630.4966094602 546.5343300510
786.2397597251 336.2756263080
236.0789704550 906.7019925066
244.2998457230 209.4481219963
772.0947755379 647.3195653671
17.7078140153 881.4409846571
824.9349251455 762.1099262629
361.1624223543 346.9457747794
16
840.1749911637 795.1483526674
890.6030868115 695.0664959109
921.9822555536 47.5442393354
785.2260648834 416.7996867371
211.1809070903 851.6894574335
103.9767478007 167.3006749327
479.6208270049 427.4202371379
148.4703645135 177.5504375442
125.0329533702 299.2061912387
912.9529841703 779.7495323386
688.0585257960 790.5254853990
128.0288313428 513.5987312053
789.3027153070 614.4631317683
46.8271926580 149.7323146387
524.7328410937 824.1726535269
298.7045672955 150.4742103649
16
436.1738703113 277.0992132454
510.5934691572 664.7394713929
851.0363397726 314.0067443553
414.3132972348 402.0642642329
824.6728236978 615.2853205282
597.4124678105 164.2166170911
373.5474534899 236.1859637817
803.8664635384 148.8376731384
399.2882835944 439.5631746903
340.6541870022 58.8328566323
955.4026293210 228.8744455392
785.0063092568 824.9660108091
428.1322710003 504.4291180975
559.9336159904 576.4176453762
466.0340247940 982.6784351714
347.6744820708 753.4812159279
16
651.9177998183 118.6022087730
850.0634345600 740.1614053942
919.8412436278 994.4017343624
927.0471938591 712.7020786285
720.4033537295 324.2272742986
673.2904871189 814.4911423398
670.6972991797 137.4897765021
815.1792847389 788.0416550299
564.4576203258 907.2936991546
670.5503296316 886.5547984728
207.7188026819 890.1605695664
975.8037210750 626.9623394977
963.5481060261 574.5714229171
178.6565424642 39.9568431354
724.9498368347 443.7883848630
146.8643892910 960.3832730403
16
843.0451484910 532.4690046975
874.5571880197 333.9073862016
868.5847668673 378.9306878091
890.4338526892 180.7515461595
710.4360570544 774.2506852467
804.7170492820 949.6985849867
983.3917240510 111.0361709054
927.1751201951 538.1872197926
61.6882240509 56.4005341935
748.1829114935 770.4104379626
590.1601263181 485.2489485584
743.4463175379 219.4751865007
134.1840465252 143.9653173963
240.3544955861 80.5039451307
14.6982945927 655.2980044722
216.0238325985 818.6661693239
16
88.5650001854 117.5510265591
365.1152760470 110.7457502950
621.6278936194 463.3379081314
970.6227446098 921.1648919953
990.5003393283 402.5347997037
160.4072891691 232.2686414999
987.0663787357 390.5191744925
187.8084648964 520.6846332988
587.2889448516 497.5446409698
819.6545264155 250.0142786481
304.7979261450 901.5325977005
982.7591553312 871.8670330920
691.7296647119 691.8646125493
484.0005939554 929.1729867737
403.5478736800 370.3806600792
163.8220419810 477.0273133271
16
565.3355892293 556.1747902429
893.5548926734 109.1502933100
815.2810244273 94.1660799070
506.2417653408 879.1635719463
803.9913393398 587.3700739623
34.9938529387 601.1263946767
683.2721776023 917.2754255129
331.7365831111 544.3440142546
76.3439590584 657.1234317400
612.2992533992 400.8524595439
165.1044673048 612.4651198339
593.8087093262 774.5557727183
540.4279360869 182.0584510232
876.0289385592 125.4263052928
617.1546353508 151.9177431044
203.7841825182 716.9920454147
16
48.2131619398 159.9652603466
926.7975412655 575.2475390492
760.2744320451 778.4861587180
14.1519034999 639.9450863039
544.1172202385 453.4093278110
119.7295741316 257.5313122808
696.1899490212 223.0068206355
451.1683967198 797.0293678644
601.6114826851 45.4061506609
955.1624002833 467.4374728756
880.6760216983 238.0589461279
504.6561821230 647.4902330922
852.6063708778 77.6234829362
429.9181154239 999.0448278361
438.1660453488 869.4063402924
886.7490740247 210.2128619186
16
496.4121019223 710.7014511577
614.7592913707 9.6269611309
430.8462623130 809.9850816588
908.6298466106 996.3109158396
935.2416637474 139.1813774203
928.8195057848 411.0663888204
860.9010610384 989.3114269613
974.1224217641 223.5639506205
384.1835646603 398.8107755362
862.0656435480 748.7387344710
218.8143321052 499.2919420299
72.6448893993 680.0633802451
230.1342658087 886.5497604514
437.1961999131 945.7062311451
197.5163648918 103.1402451628
197.1688355219 911.7474622924
16
697.2771646984 29.1566454192
164.4481266006 919.6148022718
550.9975887230 490.4057644562
636.4928774692 0.2852075445
234.8697183685 858.5351088337
322.1631260230 817.0173741735
316.2838082074 610.4442059308
469.8905333076 925.9547540375
238.7939046963 436.6574421968
989.0814146505 134.7081104254
32.7995299449 628.4635152034
710.9287002686 751.2127802300
443.5436002518 431.1901284809
781.0641218485 548.9931920970
894.6916496387 929.5305656772
662.6915772838 56.3758571554
16
157.0973681826 334.2526385390
332.6759953664 686.1253422066
873.0861683383 33.6779952885
454.8701176469 289.4050522592
232.9016298931 837.8540180897
882.4789031063 820.3575015399
806.8166656808 594.4301934294
172.9472184783 939.0415674095
961.1300283429 26.8152780395
419.0425991856 695.4019021537
936.4471308992 995.0421364456
185.0404843902 655.3548926915
915.7120117135 105.7252608282
247.4136070586 380.8898856725
154.1239522840 346.4445750241
725.6626148127 894.6989890352
16
576.2720456365 223.7380593276
419.9583520085 489.2577355507
405.1330660353 681.8979763195
296.9587871180 319.6942581080
625.3066031302 240.5798702678
61.5616162334 447.9812036328
78.8187223451 971.0719884184
972.9248635835 98.8403776173
256.0069748533 403.5781538431
968.2061055464 368.6224680946
895.7642458913 93.1696706927
632.7366195885 664.4985487436
540.9772168251 41.1662179083
142.8640991119 270.2926148148
482.0994622149 959.7534754997
473.6443962588 193.8881757216
16
829.0423385051 554.9224946937
583.4961563923 368.0038558860
731.3168367271 462.0941247396
334.0509341534 842.9406433761
959.5250407664 138.1941049658
303.4120358369 448.5315133245
481.7457776167 939.0093502421
234.1508315102 246.5217419685
288.9881465640 598.1152944146
556.7436892032 52.8845278481
231.7312311766 641.2203599725
744.9512903378 742.2234105488
690.4261224707 193.7613973346
474.9287850602 531.3392054173
941.3597751084 602.0104871181
259.6595924514 807.9222774565
16
573.2370950238 465.2637727725
156.7641892944 545.7303746845
294.4120626145 232.3259005921
16.6272363101 95.1525629480
175.1926150456 140.4334954240
78.5737107047 521.8906639751
874.9580923236 139.5769145626
217.6761784501 234.0842781243
566.6262838852 565.6367736148
363.6308689674 433.8784245610
331.1278534037 727.0210520157
714.0071729205 183.2421312395
509.3278269048 936.0964823386
250.8512033507 964.5032631923
454.7120095679 546.4935934962
911.7870008046 399.9893734120
16
641.6618648273 504.1534662053
187.5003521335 616.8137558949
833.9491385029 88.4589713553
944.7518214124 658.8769758750
357.8198359084 865.4080549380
893.8640679334 416.4646308761
884.9193092273 848.5094543641
3.2007371105 144.0741970605
688.8897383760 521.7292841757
455.0375748408 24.9921885558
630.8687668214 917.2795197304
472.3969429979 380.1637476849
544.0214229868 357.6580175319
201.5457617989 74.7658748573
289.5510928440 361.9740668116
980.8373925061 759.4785243358
16
135.1395231057 499.2125261534
924.6608451631 332.6983341803
36.8255448098 383.6888962408
167.1786963238 233.9106356172
85.8550986300 77.8139964007
265.7605502541 507.4351312372
949.3748968178 1.7392094868
924.1225788241 132.9881243940
455.4146596825 56.1274991006
95.4122905633 218.2031223470
244.7536585373 681.8828603718
908.6796731690 540.5908388171
614.2498053722 563.9785075127
442.7407120221 549.7956145863
953.8425372787 451.4837438401
161.6460565882 586.0636139360
16
548.0627951493 821.9817065725
977.2835090476 750.4669032736
726.9935890823 37.3940774470
477.9491520093 619.4580860036
134.3060949795 190.1072578888
19.4645220894 398.5799108813
125.2206914503 145.8971482564
550.8049804463 426.3839808965
893.7769703654 201.8281832928
914.0148460556 293.4982845986
236.2223798934 158.0458087947
163.4321979040 377.0124824424
633.6568070049 590.3717520379
875.0760615566 20.1789814928
613.5910107750 233.5994567089
544.8977590946 4.6204337118
16
586.3465561292 470.1079535561
673.1886781353 916.0121230549
297.1166508292 492.4358071593
42.5351053167 408.8782532944
809.3837079749 242.4070170669
894.6131328393 746.5133314553
496.3113780779 52.7354086619
756.7321948196 429.8626150326
315.2409574563 559.8504226843
98.0939854603 669.6612961583
281.3885093469 329.1453323479
317.1192995509 813.7236719713
263.2041646973 723.6002637540
193.0204112288 92.2956619920
792.4276277036 164.4490183875
153.0307237288 565.0606295276
16
564.8929920669 20.7212336439
705.8469241629 116.8148608954
756.6683423213 974.9971833138
957.6240309901 777.7937393953
521.1064475398 577.4875493642
561.8437886355 981.1713532479
560.5615052464 116.7202900813
554.6851603349 759.7018920514
513.2148114639 643.7255359419
972.0384385785 126.3204042825
591.6132516430 703.6673118501
471.1538138308 533.6868944911
93.8428646490 157.2428882055
286.0021926390 325.7109198528
617.1323082282 866.9872179115
114.8682204358 36.1281817021
16
384.2871000306 151.1065307225
126.9840596566 682.5653034034
987.9527740391 243.1408426667
154.5231866828 956.9473509050
300.1781909194 790.8477600002
796.9444902171 753.6360212509
294.9358832454 771.3688460302
852.7199826901 165.0390234892
801.6656347680 126.0883897914
616.0992586629 767.4921269446
109.3480126380 182.7554670805
624.1290022116 185.6339171477
497.8385378153 808.0018790181
747.6704089175 85.3192804774
248.8146609792 322.8718413369
26.2661899446 592.2912636165
