20
12
996.1306796471 998.7427352578
892.9827315904 526.0893369551
260.3810126955 338.8308120825
503.9115834469 39.5357570927
60.3445555132 209.5104239773
190.9920810264 265.0392166323
387.1327533627 968.7635557032
206.8143855510 997.3825739436
339.6481207601 491.2293752560
561.0245641999 519.1207642284
20.2306667540 263.4431227709
995.4382399083 948.2134630826
12
462.0521982791 876.9413263223
809.2176461228 46.4942750959
890.2945837934 524.4619901422
881.6993194575 551.4095162217
931.9540178560 357.2246103391
202.5725237200 953.7521117215
441.3295910543 514.3807185076
318.2861099226 983.7364214835
375.8756365825 56.1640605600
812.7274860940 465.0955581653
253.8482341762 172.7537084892
44.5988554763 585.3654532594
12
790.8345604126 514.9083203947
744.4634091202 3.6680820258
519.4214346497 435.7314247936
874.4070878083 804.1230397262
101.6776299008 806.8120462708
57.6142911676 47.3686073220
797.1842291993 323.8724519138
787.3462346750 391.9635952852
43.5872723633 628.0793747033
774.6908569208 155.6220440290
289.1738426007 278.5010510565
938.1803796063 144.0508237372
12
630.4827608875 136.0305448289
322.9326826051 404.3754719731
693.9573465631 263.1797052489
461.6755553085 967.5150577009
990.9418754102 290.2668087219
553.9950064219 318.0325267922
934.7460658608 505.4532179743
459.7904368033 50.6209281153
365.5709715559 948.5595367414
607.8431861331 690.6140933339
895.2649863670 338.1673004977
53.5663795615 622.9128769456
12
512.2489099563 73.8243896020
91.5464892748 849.0096002293
517.8769963086 556.7033447340
969.5139245226 307.1529753063
913.7665750080 886.0754153171
92.7747816709 615.1092427184
916.9281161268 922.1938042993
323.6324066214 70.2289871884
222.8735051006 627.5031644434
153.3369557905 388.8301880833
309.3847614040 510.0730937857
685.4393612041 568.0872993535
12
807.1701356341 33.0246150650
174.2917011471 392.6441699839
783.8018864542 841.6512289339
430.2132281422 425.4787049652
697.0078469906 71.9543810883
713.0149615003 27.7137178177
432.3345800476 235.9905657829
373.9563481677 564.0008201719
606.2097326485 694.3670735626
477.9476579093 515.5803260811
587.0494617476 829.7539153924
688.8971102363 566.0704364511
12
873.5949999226 439.9360609713
471.3990225422 820.9476512648
6.7202367088 981.8878142727
509.2504998511 842.2933942070
387.9010903380 690.6654690756
876.0766410351 479.2405280387
933.4750394812 612.7043003593
911.2431126403 304.8067677597
551.9695009437 749.4595960081
518.1465082752 191.4164804033
807.4122019258 648.5550252898
973.0085997881 788.8892738267
12
183.1604948030 297.6868796705
181.8534882715 48.9279971303
128.9452283342 540.5794379921
112.9232414453 364.6778870714
978.7129995653 518.4873406631
93.4288381494 506.5049142039
426.4349192769 139.7276852327
590.9812035323 223.7430293299
768.6081384403 3.0076418876
191.3282642054 737.2639196804
914.5805086316 495.1112050841
944.4913526876 962.8217777925
12
33.4022367363 689.5384684287
381.9402452780 688.1141246886
542.9451783217 982.8854674128
936.1700190347 175.5041137800
874.6153825005 895.5247739023
962.7014156075 263.2163214674
369.5845163880 253.5722199454
788.8913599764 914.2692710286
295.6842454347 933.4845225680
333.6189425241 613.6893049988
191.0603288448 825.5773563603
174.5577602622 117.6658980839
12
431.0972476079 689.9096444183
735.4571621936 268.7507253131
451.2019585851 691.4423722654
139.0736390742 420.9093484725
672.7699834020 432.2618515546
169.1659765844 108.8960162056
715.8815163940 745.3865174662
59.9642179756 18.7290033976
892.1624972797 751.4652813426
980.6554311089 257.5809876401
290.4847079441 1.8851776853
104.6922366536 261.7318658104
12
115.0647402297 207.5846916269
991.6424063077 246.8745213906
277.9937390444 790.3672677322
853.4214059370 789.8590228901
938.1832072860 234.3642811765
541.0590978732 209.9437635783
415.7046339348 622.9687712764
620.5081068712 61.4302118507
555.8369806205 214.9332368730
660.0249943380 665.9280033452
50.0595545509 374.8414589350
246.1661671984 793.1761244014
12
836.5968236045 738.2419600550
430.7205181528 818.3714457204
253.6748433775 777.6618055813
975.9582383095 640.8967022942
622.6790773020 159.0803475241
917.5496189443 703.0495927253
469.3246527895 431.3405256622
836.5024634607 124.6296471845
746.7566760314 502.4091356254
828.7239060806 787.8739393603
910.7554261676 692.4061705437
218.5883549147 52.0896640086
12
618.4336807990 348.5988434280
755.6196478243 829.0509063221
566.1749052146 121.6351769083
93.6572090080 429.5711623144
288.3989514160 132.1602462269
66.8649353825 468.8870219642
548.0067703762 347.4883847774
184.4720417093 569.8279837414
102.5586095632 788.6552171315
981.1680838365 45.9111007138
678.7150257851 953.9775592773
626.2388119883 153.5420061404
12
407.3594005044 307.4767106188
84.6225881647 357.2057476728
734.3199154496 675.9558142681
202.7182778235 698.3817639753
903.5471283542 178.7737087411
763.2705328026 604.5362039357
499.5348852891 853.2274849663
590.1404857627 954.9690341319
520.2562863411 185.2198558902
793.4063994743 747.7186262661
194.6156111377 21.7080494715
504.8828399517 900.2262971171
12
511.5941394295 989.0813248198
473.7521498373 217.4616165357
562.4785607343 810.0190142353
853.2625828656 610.4441059933
855.5867809055 879.1996260597
37.6464683564 747.7257938213
889.4329051929 873.1651387532
325.4251367606 520.7272741457
688.2429186616 807.5034734282
476.7403182955 739.8381749827
88.1452000938 23.3465782654
887.4816530919 391.5343637417
12
109.6585220791 508.5773855772
201.0111171856 181.2122712982
157.4900711383 449.2735042544
775.2979599866 31.5605547845
238.0382091112 370.5155811349
903.4867132467 7.0857327924
150.7334126134 153.7739398953
359.6603150515 479.9788464010
234.6286846237 664.5828294226
179.7965934083 540.6221044157
231.8265288834 404.3079721083
760.8063638734 239.9950532332
12
843.0166201729 169.8318330658
656.4024352022 451.9627501327
116.0218507121 166.4337872538
7.9306868149 970.9969731643
884.6853749989 144.5257343376
428.1441774323 75.5222911294
300.7132969558 243.1257850874
852.1890500094 235.8534367645
535.8088357890 894.8635071368
157.1171778042 182.9735680871
20.8739359577 589.4824000405
84.7022106474 579.4716112895
12
768.6924459941 763.4519577029
592.2846404660 838.1827717960
872.0982394139 567.1820813776
661.5052729984 494.4646177892
28.0520797808 74.6490707589
959.1017398494 605.9600049821
477.2008723014 43.5038942847
923.6418772228 608.8273887205
993.3223334254 842.5254340702
539.3629929347 67.6560883953
640.4746769063 112.3199115136
597.4086751652 783.1067734105
12
941.6874025527 717.2362877726
209.9944134624 174.5222831307
466.2407283273 22.8444772320
651.2445372502 500.7051684463
561.9095617597 315.2589680419
19.2718317508 392.6474398270
333.1059766352 218.8869056937
769.0733860293 0.5983239875
239.7379718982 345.1183218869
853.4035455873 249.0497899741
400.7395291360 65.9614651020
727.1766959006 816.9736254855
12
984.4044994817 807.7503851300
0.6233221371 757.6475532796
359.3656746863 720.3714462032
465.4245191789 60.1952244851
239.9105474562 978.1011231650
735.6548376218 69.0551464942
951.4518824319 512.6235330175
863.1611418175 264.9996425826
151.4914003634 50.7637170156
300.4000405780 692.3651879043
814.3736142627 226.5176660164
536.5255661649 855.9643464637
