20
20
569.3736386808 986.5598386517
804.5148941232 697.9677780151
938.0227199867 390.6888304389
516.1016614081 446.4161903982
876.2588230086 991.6930013972
912.7772393500 305.0203064741
604.1712321423 897.7890911313
90.1074525374 582.0646450875
478.1633294925 425.6976996095
841.4189417322 692.7816403860
184.0068877512 292.7364760290
312.1209011344 213.3771272001
721.1006598476 292.3319896494
816.4145937052 783.8111918801
811.4337794519 747.5538352778
534.4048652215 442.7806761250
111.3488722104 166.3267675146
717.9824603231 692.1692286474
328.1159288528 543.9625111469
174.3492126200 499.7234661232
20
481.4017744074 574.1940016391
448.9541283722 488.0512384446
599.2903216870 89.8371575764
293.9586906111 996.6904932023
550.2222068029 327.9350244442
646.9174165409 160.7705823742
18.5145098287 740.0228044479
392.0188480359 414.3529666945
518.2925162012 878.2529637472
129.0770195994 750.8011174863
698.7445285891 109.9440210872
364.8114022808 748.4871267760
45.3571053820 97.5653827906
828.7407306696 238.0692425888
994.4137096076 128.9618830381
966.9831729083 424.0911222099
279.1631905012 742.8611039022
168.1875658385 76.2530339091
969.7385513904 816.6328064900
226.4776016604 490.3655377521
20
468.6016447088 768.5567170988
562.8494876048 320.5133316811
678.7864280195 719.1763091238
791.8773572276 931.5805870540
659.7186452351 816.1862456713
446.7638081889 88.1372818870
629.7342803734 698.0191757430
595.0074802571 685.3998428962
767.3006352838 847.5275264636
198.2250774570 377.9825281760
309.1303658740 765.7132185555
354.8831890702 388.4733804268
580.1667865839 405.1055485396
812.7316438002 147.7191018018
725.3405343135 258.9269573291
986.8896669046 936.8154108111
8.1248473835 906.0781022664
538.2093289681 192.4217513916
404.0598520843 325.0507997202
970.6790579575 543.6935237424
20
539.8296040776 570.0110940637
577.6189822279 991.6492076157
871.9811854673 56.8820010917
257.0275619887 133.4653033582
75.4578466430 843.7970992148
799.7858447140 982.9864238156
835.3044169820 617.2385328999
155.1606045821 617.9786468894
23.7224273852 727.8405439594
609.0336227682 877.0685256249
154.7971960815 164.2216208688
913.3625116150 423.9787071231
74.6759130005 67.2081689405
906.8562150210 631.1455472006
523.7926733678 549.4371043156
970.5312643879 82.2721145559
681.3283841545 898.3584321673
523.6177341181 150.7848982311
267.4174296944 958.9726505719
36.5193193593 14.2494797245
20
853.1213478672 672.7113803975
537.0361436994 717.2785163310
611.8794380419 598.6287542451
761.1051720935 927.1662758356
91.1155623331 72.0821607353
562.5530965666 767.9757467287
348.7329796694 779.6116705339
454.2425128674 471.2633482870
655.6550891550 341.7538452064
175.4711563361 152.9757823267
36.9917586248 23.0808340385
22.1776830180 566.2378715180
107.7390722462 816.4777579348
151.8638488009 543.4113830027
803.0629122111 126.1421730740
611.6208548343 915.8382825223
822.6713156199 141.5705475656
984.1172417556 900.6923545812
605.3907425357 358.7339077852
533.9393960961 781.0200962047
20
96.2829084484 742.8228939440
566.4777987165 634.8105379086
168.6554946251 618.4631248381
180.3874008106 814.2498201599
662.4095376100 371.8456167731
819.9517841262 891.7426565052
811.9522097617 354.4325884624
93.4408781311 885.4953264815
59.9310957209 713.3762819586
782.4627316621 610.0583093488
694.3169983238 948.3218987410
689.4506058733 424.2455668183
298.2692160680 196.3591760409
404.7542346602 959.4233743234
98.5765229134 465.0501636536
468.1146147893 303.6913270157
931.4882780365 551.5696741978
882.6583875006 195.4255201562
632.9119018937 483.6466436526
581.4453359441 18.5879946159
20
164.8536897023 324.1526661887
107.8825262700 198.4108739740
624.3124773075 242.7774502824
13.2572933695 270.3397256453
880.7926482193 34.5291133788
492.0358971175 653.9401728935
244.1707517239 653.5890360257
92.9167692972 201.6261296350
435.2574701482 772.9008066164
346.0781001016 990.1502939821
433.6365033378 929.0744442824
691.4693016804 412.5012609887
363.1307072834 360.2060557470
108.7652012722 7.2271627495
684.1616659848 336.2558012551
439.7925882032 131.9634707504
254.3324699329 712.1400757533
205.3011530612 848.6141270336
609.8164636121 126.5722099388
200.9415799408 260.4574837317
20
525.1430780033 672.9384297549
801.2118641651 278.9192242340
880.2784756985 666.6889842067
94.9726267864 182.1326858987
963.4975643765 399.6285708131
20.8912935514 398.4558333515
722.2299233295 950.9445647433
692.0724953942 249.6884160248
715.8014027668 756.9429405325
439.6290948257 914.8288290156
959.1841885824 326.3720896190
337.4350534087 127.1671843332
375.1350330029 538.5216137358
132.4187289107 49.8648741148
476.8260939147 571.8110220401
749.4936955474 203.7172681050
158.6485454411 125.3972968025
550.2155723019 948.6914197970
498.6272871078 963.0489698536
908.6122040586 953.8021900491
20
158.2990432315 864.4324304624
899.1805097270 99.7556507622
869.3206528095 505.4087217346
142.3603589856 920.6676286585
984.2550636156 746.2002476251
359.8345232380 781.7482317765
509.7525942649 990.9382876240
991.9766487161 400.3028670157
175.8644431814 24.6574888382
882.7871214703 549.5866168012
957.5583154201 428.3162864764
277.9662028227 579.8091630529
541.3667641077 382.9832432382
441.0882855109 572.4185696397
311.0352555659 52.2129746839
899.4638816761 666.4238102624
172.2128503019 551.0131349103
70.0196092121 868.6404070454
198.0216482017 452.5144257341
201.4142852195 698.6557472039
20
402.2577196419 247.9514690773
42.7865692010 768.5688061113
180.2697160125 154.7916527789
310.6770187799 479.4021713803
97.8460935081 245.0648163639
165.1761827746 688.6938264303
482.6991953904 456.3115283920
315.8238833786 663.8305591016
418.2234182519 757.5321777818
690.8048081275 582.0500494155
948.9473905031 703.8959555347
3.0375123416 626.4588541674
249.1312300531 241.9542911880
368.9335400654 58.9815443173
585.2249841618 20.7529399856
493.9868387203 592.4699013251
43.0456628261 676.0769314881
50.7367480225 7.0527838078
847.7913661717 87.0340508955
947.2221311688 379.7865955991
20
94.0122883928 635.5232161540
310.6973034445 918.0670437351
33.4563649878 536.3459033351
914.8617831360 427.9104101500
830.8756463932 47.1912807711
737.8317148638 759.9560489187
346.7911281288 80.5497439360
374.1382077674 689.5304057848
839.0216350387 305.1483296905
251.7571703824 599.8000243606
709.6329201818 874.8784184643
954.1396683969 842.3186093637
369.1468021223 651.9606707563
452.8486986174 748.3270402906
600.5997204500 984.4454432568
606.9649089367 288.8966247359
733.6517778336 268.2691925200
592.6029831741 731.3130467874
491.0520554109 97.2174851088
584.9178495672 316.4169287278
20
295.8429824419 464.3168364549
49.9249305693 193.3510662170
923.3421808606 162.6952658628
126.1924321214 436.3056443227
970.2141052564 432.4404189036
134.4970930289 279.2243427574
112.9682147268 97.4332829356
33.9765724818 274.9507925726
874.8036989316 137.8350003669
493.0398277843 982.8235433731
304.9857484320 970.1422655361
823.4801207501 821.7611969267
623.1377548282 709.1863062959
283.5396874632 728.9382041332
80.1429615010 418.6390141184
445.5673986853 776.0517782394
895.9726944132 841.8788064761
955.8723976520 963.4272534144
635.2755966223 125.2991682189
697.5590188698 766.2902947011
20
96.2167443779 627.1204229465
829.2077562220 630.0073269289
700.7865065261 767.4325360434
684.4436999778 151.7000365662
103.7836417286 184.2782659102
439.9547761104 331.4240866842
855.7061690390 7.2324277599
395.8416590292 236.0072213898
930.6983254073 567.9673337080
288.5230952186 121.4670920294
644.2101306117 470.7746661751
495.5230110277 146.4572718533
992.7868747176 173.5628971624
699.1216302080 862.4918050265
445.9632881914 942.4368546069
635.6932378478 563.5643990398
664.9472120478 448.5321592063
646.8457544200 632.6690357168
483.9041372004 81.6432141254
12.9823635687 183.5816258015
20
892.5703155598 616.2573862056
104.0879277331 920.9525824345
281.9007912372 981.9254518687
521.1910576546 695.4104032215
104.6747828335 268.3329675114
850.3282072163 449.8551563095
830.5061771854 167.8975759657
454.7912863861 547.6389539388
298.0553450497 820.1831163919
61.1348149114 373.2716503824
672.5230391983 21.6713295317
320.5156317367 706.4640597018
713.8699064803 622.5503792410
84.8616858948 616.2139413073
893.3646780098 682.2705960463
256.2721335748 248.5540247605
18.9046979061 624.9534311675
827.3261885272 375.1852741597
802.1658070879 333.7610903799
343.7296955220 597.3414807738
20
737.3976359077 426.3924373390
861.0829146114 812.0631443815
440.7144766374 798.2900492802
270.2270554492 25.9664225409
310.7904119102 872.9835350633
351.6864988842 626.0247096044
944.8903259299 23.0075820194
15.2481949080 284.2844720551
326.0852853199 995.7000144727
917.1087921421 892.2990456888
732.1945276879 849.2203468130
742.5619457772 683.8287122104
822.0117378633 181.4841061297
923.4646631743 314.9385367487
933.4016990116 615.6680425653
544.6894417900 646.2119451904
144.4130972499 743.5628419655
288.1839757492 501.0077622726
457.0093173146 911.4331311971
36.7728209173 133.5215747102
20
964.1920519317 744.3430211438
998.3036449548 630.0772122137
157.6195404799 469.3270679302
444.7173512865 246.4783623328
835.5266931267 694.3797553877
118.7241537553 128.8770671183
816.2398557581 364.6525964287
985.3535872568 68.9772425796
585.2993773721 739.8737019751
144.2018004032 390.6752224535
764.3373734610 630.1257344151
824.3181820315 824.6423464094
416.7104155609 520.3637591566
314.9669300297 763.0323326972
640.2655845071 575.1378904125
856.8219005302 405.1905024614
955.1813241115 528.0925656295
463.2332334768 811.5489729732
157.9028847983 30.6462913252
698.7935062636 759.4770785686
20
555.0612664153 811.5306392410
110.5912272586 48.4501083307
421.2768958825 432.3146922052
294.8143334165 306.2077600924
287.9708164137 50.1512492826
861.1728874834 853.1961271133
545.4946451974 619.3947996203
528.1107884519 268.5519965636
172.7897763056 318.4327093167
310.1755683126 480.3296104549
418.7599831136 759.3783741251
350.3384773329 291.2118341921
763.4278952804 172.1561177566
501.4096563768 959.6976329187
39.1900315558 565.3108585524
683.4833414226 202.0876110195
575.0377851149 504.2506656747
929.4209924503 116.5204406393
766.5756428292 283.9002068755
115.5567754337 779.1401313356
20
151.3510087003 832.8291361155
718.4131141041 930.2003987118
975.9865619298 74.7185120646
929.7434539574 252.4817078402
904.0368353284 214.5533077987
138.4053468197 764.6955288101
862.3967720492 242.4067615807
722.3767480337 222.5327807123
463.5236698123 882.3665376345
235.7928711891 34.6641186256
251.9697062102 350.3530385976
311.1181824384 800.9895428697
279.6032065018 795.4827846867
588.9215233878 599.0936576785
472.7314607808 910.9222160298
145.7991650337 0.3523567981
824.9641998463 508.7770334496
677.3205129266 419.0674139394
636.9381227712 946.3924398822
109.7903776400 116.8752005066
20
866.3427055986 295.7659664371
308.5085337016 657.8481195101
892.6042009864 746.4249235969
198.6776713356 518.7472077175
817.0466355952 568.9537368431
742.1441824485 153.5462754309
71.2701467225 47.2900069586
2.0165918244 275.4855722484
742.7044405296 344.8176586175
679.8574798090 690.3135885411
782.8184669087 941.1347397166
413.6911145280 44.0236252378
489.0412368081 768.0297723356
865.9476021970 250.8397561972
492.7501059303 709.3179045604
894.6826164098 510.6850409707
48.1429940145 489.7083569330
721.2182133824 904.6965613226
6.6511554859 901.0423453760
705.6650468361 898.4146079533
20
51.0016262063 733.7299726959
194.2000003264 859.1820785184
313.0790831155 442.4178374346
561.8086926824 290.5919899891
568.0171594093 291.2581731467
305.4623692532 766.8368154953
108.2488715187 26.9477940639
198.1963410954 870.9173661792
905.8330598607 819.6989015201
246.5036560433 466.1358381167
574.6826760699 967.8823565429
481.8994584383 417.7332604168
596.6306154506 585.3701909005
485.3176375220 916.6489523745
882.6758476120 551.9115516471
410.6082879785 158.7295362537
23.5052266726 696.3332619371
262.9383969403 340.2981215016
355.4469180120 674.2479106383
201.1286709926 557.6911335776
