20
24
514.7155917555 2.7756173031
127.0373888573 549.4176131316
764.0426661776 35.8283264163
231.2348444859 789.5229332669
394.8789120113 418.2071131503
154.5804722683 294.2590090520
19.4142631199 510.5000040952
357.8231786617 914.3879442560
57.7836639501 347.4026997140
9.6461519139 454.9582543848
542.7939956909 580.5449968738
828.2889657745 883.6872030976
205.3327158563 136.6239278644
480.1611909269 928.6816542287
919.9429540217 110.5250270077
395.1720270985 218.8985715046
690.7336838203 9.6883025529
70.2539649283 475.4357696662
25.0000497021 464.2502747151
292.2665367370 595.8438742447
425.4017574676 973.1772485584
550.5437396614 626.6336165868
979.2978697419 828.5392624873
747.2758313383 877.5336416322
24
219.3518983557 644.8690088899
88.9931331432 910.2581383564
1.0305539261 295.5815538929
290.1247350728 457.4335954344
705.8465366734 946.1992001826
236.1727283245 973.2499717386
954.2168423454 683.2791916923
792.5872321362 495.8939511853
766.3871244191 917.7953464795
978.5424263612 692.9255667893
835.6330999338 803.7791057013
650.2024978992 119.2241685578
400.1588357475 797.4856852020
16.3274887889 180.2111262308
156.2391061696 830.1627530362
554.1330670620 53.0275606411
51.6999381442 237.4118561276
930.4351579355 206.3188156787
276.7713278626 272.5333046166
956.0315300284 963.9153716235
566.9192092591 279.0580084334
262.1421671176 318.5039192973
283.1621455789 242.5158839358
640.5055098274 231.1591041099
24
855.3168221500 582.4697045273
608.9681138870 877.2024458677
584.9965834208 338.4645170088
254.9910380106 78.0499862040
754.0053510861 419.7793548191
10.5990955463 4.4454357297
961.1107533616 647.5092986160
99.5209852693 681.1674834163
284.9062703833 674.9368021609
887.9634246444 476.6782491527
298.3471148325 13.5861178087
349.1299409065 552.5543198223
9.6605666861 381.9259489995
126.8910255452 582.8743901997
485.1186062022 319.5021827471
507.2877865066 280.6000827761
891.6875705405 987.1981286655
557.1376157123 198.3148319619
753.4115006087 674.5058220986
12.4580867757 175.1587995676
1.4094479366 19.3960027887
776.9153644299 471.0572953379
632.0517199922 993.9632040224
423.8068983946 212.3300809986
24
981.7328484769 590.1675848649
477.7593201173 412.8249892301
91.3092855971 74.6630044844
144.5919982345 921.4362759035
55.2363628796 453.9770875733
434.3734269714 775.0730678258
176.8653638640 6.7024376593
44.1147635894 457.7348556165
922.1985837780 614.8035174802
134.7965259607 185.5116239541
290.8807683376 860.0315676819
955.5387758420 630.7450716397
800.4213064984 637.2810892908
933.3044970684 245.1021572801
717.5749431790 174.1465437432
603.8637461908 115.9859523323
863.4616444080 464.9038388048
505.3609444599 464.1647241738
225.2217757328 707.7252544447
898.9708276585 336.4510150784
1.2544269815 263.8210649711
128.7761908012 599.9875665941
702.9759708401 914.6059447252
720.3915244817 898.5635761095
24
207.9466681765 40.6552912507
731.8615154612 614.7769579776
508.0172989237 281.5357342618
802.4570371116 422.5971507646
947.3121199666 856.7602912590
123.4325849412 519.4912966067
492.5127217086 715.5148634724
762.8664970512 275.4874387235
70.6394282026 7.8279090629
554.0884781755 443.9046809167
764.4463636192 508.1378907651
118.3768488388 543.9693818739
989.6793149777 542.9676870927
809.2654622931 89.4892117835
899.0329252556 974.7829281252
145.6404918761 249.3366849461
165.7119413246 390.9466277487
86.0959216927 84.4908818614
685.7015094271 413.2439962220
54.6294151396 460.8444466968
77.6245644285 838.3776185279
558.9174005193 968.1569588793
968.8988139296 722.2680069481
978.1297600616 496.5980460064
24
104.6574126115 770.0560360428
420.1992076668 107.3932503727
217.5581105521 299.0936047543
401.6489430724 53.6370880655
483.1750840111 572.0423411922
530.3201325566 833.3349301838
519.6085289287 464.2298568438
432.4869533173 883.8971398531
838.7821479379 374.7986853741
814.5333386258 885.4263199951
665.2721896229 638.1205121054
837.9591013494 678.5702984462
933.4207285154 375.1418462410
798.1375974972 870.9721939299
872.9890884033 817.2556077177
493.7762495363 388.1652367008
396.1724611456 881.5494576726
782.1200680738 158.8081306515
213.7379881811 300.0940391615
983.6073414647 23.5292705532
252.0978459254 776.9859677790
776.8859658527 70.2636473125
972.1534027349 585.0000679085
433.6050196186 509.3290984463
24
618.4683980625 528.7118240988
776.2789007339 845.3846076636
24.6683150782 885.4580573995
197.9049302929 278.2474281907
725.2418620389 998.9011990110
626.9953829982 582.0610753248
974.0011429939 33.7616898394
737.9770813642 415.1253075721
543.5102458821 700.2107461023
596.3717655890 528.0784599043
865.2720972883 92.2570098783
168.3601838160 886.7058793125
93.9226846104 802.9980665487
344.2164157400 546.2636399705
464.2089364897 626.0014040475
837.3869516866 332.9827108787
620.5858555566 140.9140116787
879.2473174708 384.2473437888
931.0352000087 394.7298714628
635.7884611777 541.5887199847
164.7248615320 225.7841975709
655.1577361426 482.5388715941
902.2443827846 536.4536758061
893.2355075010 698.1719785956
24
153.2071353186 564.7070353108
235.6137736411 774.5997262393
952.0844329704 34.7343152507
367.5924490099 991.5585810881
277.8008394799 569.7529219691
409.3346856873 378.3292819355
448.9859488471 117.4057770869
632.9929447811 579.3404946254
469.5530211771 237.3952522297
87.5633952932 78.7891458023
512.0331260250 462.6348870790
179.0178910685 137.1798969864
27.1181418729 519.8206611749
787.8524156365 980.7270349816
715.7256057417 135.2540326665
441.8580863143 560.0734934798
540.8414152467 345.4861394671
861.9102621009 793.1627531604
492.5660206299 791.5769070506
96.1592058624 212.8936653000
943.2009533237 185.8755009261
553.2133735022 761.1647848150
900.6863895904 360.7212652122
324.2204839187 503.9848638512
24
818.8971828913 541.0171506883
539.3825232311 363.5198846868
461.4189981875 181.8998173185
303.9713506143 902.9797875151
987.3422881939 933.7230391289
280.9780469558 153.5496177152
433.4657621649 747.0983873027
650.9057452021 192.8223136394
593.5237060377 767.9997409905
791.7114596807 298.6546730900
923.2884039364 397.9687594348
354.7430628413 535.2184962756
472.2731977532 998.1254047925
148.9448637912 377.1168772770
632.0096757627 540.7599617914
238.5158622109 445.8363843597
162.3570025334 228.0761583367
477.4693834704 48.6073148848
984.8126452999 225.9919616824
648.6526432969 986.3616515869
573.5181731880 556.0291795096
822.4990506829 34.3334687078
90.6816182842 524.6705379781
724.4053018259 621.9935659769
24
8.1701885469 76.3578040575
80.0711164470 384.0513063782
915.9283967563 586.6761030845
608.1937025835 945.6102828812
222.5362314240 711.1702908798
817.1328337876 185.8223605856
616.8297128577 389.4883608109
458.6523471951 508.2047355234
291.2231007935 316.0491225124
428.1098440233 422.1274458161
485.0211539475 949.8427114631
104.0278331161 700.8033912712
527.1862490523 144.3130992664
698.0538384213 866.6850050793
726.6372043996 706.9620971024
55.8213234408 174.3603310628
13.9872165635 737.9574818954
600.7495276587 325.8080702308
231.5757868035 92.4345689267
683.5453234916 3.2559308362
308.3536894633 111.8625982865
260.4250658350 233.8668986087
820.1443372178 693.4815302340
381.7936615666 275.8418794105
24
387.0380881098 664.8177004455
861.5599327089 271.1328393213
915.9023730232 13.1888600633
646.5486283382 709.7372809804
265.6507608564 510.3409868382
374.2272654918 237.1227154690
211.9371310000 296.9702484671
44.1313803756 431.4489311468
136.7146164986 569.8972200028
739.2691445838 531.6719454918
599.8781071564 744.0280024034
623.1413849291 673.6919123357
687.4438369519 856.8312723348
376.8606601955 434.3132154369
962.5311079973 101.2409407455
230.9860807290 691.2069524931
763.6440407770 549.5859601877
111.8092393381 592.9895110039
866.5571970908 549.7629866970
306.9334434486 147.4678852497
692.7416414194 539.2403656627
626.2699322067 761.5581956502
761.7393522955 673.1462819238
919.9040771263 553.1912876316
24
2.9130979604 206.9756644461
269.9952031892 648.9909160647
888.0703927361 671.2875675289
362.3170561829 132.7620135859
403.7353960768 107.1328914858
833.0836677600 360.6273583710
395.3402866539 130.5137429104
791.9660100004 312.7638272607
585.0280923682 990.7820803806
646.1495836064 511.9945845283
374.3303143803 317.9628133081
149.3676119332 429.5203702236
8.0298230701 929.2044489771
161.9913525414 364.7694477901
852.6782780477 20.9558610729
917.6995782458 717.8931096902
741.0605443288 555.8900570916
53.0754314103 0.7458321554
886.8629638182 994.7425424786
969.1188695777 793.8303535432
647.8971220036 996.8657106954
148.6722488767 885.4404567283
303.6016723372 588.1145584807
430.7429779034 394.8807717438
24
886.9146774704 315.7852147483
248.2696534228 774.6424187769
508.0102351254 92.6720164550
369.6765525618 978.1354143008
505.6983737857 474.2333464944
577.8970517580 801.3178455645
826.8415081400 269.7520068456
373.8099594277 350.6169532397
466.5396912292 325.1565472854
693.6634787270 482.3073592227
953.1586807564 452.2506542196
673.5335877310 979.1460681018
700.0984798387 338.1473779974
935.7030468099 539.7917592640
9.5460606765 441.8323179188
919.6854510925 796.4449478782
13.7492185301 137.4843526929
109.9543603583 11.4763391842
373.6904518808 232.0547021746
622.0335765092 454.9792796706
43.5718136463 174.2274818082
35.6351682898 166.5371755835
744.9382611791 528.7681365499
969.6478167644 535.4329720994
24
86.8655919763 675.9102665701
356.0060024038 796.1000253394
999.0839302021 14.2120028113
27.9791223302 394.7980105010
824.1810998163 312.8251216554
370.6136445830 529.0770212637
326.1277048783 149.1059256829
166.7084234352 886.3416620066
748.5843699936 133.6544873264
347.7984575911 36.9659170661
354.1309174639 985.2124497083
831.9778370462 552.3194657666
406.2193059860 398.7663637942
695.3924542477 909.9864443641
565.4601642738 318.6226712950
504.9984737977 438.5430355111
615.7746512055 6.3982049745
125.7871170534 234.9535008914
764.5809879014 548.8328697057
246.2835610583 157.3856647976
482.7282991751 736.2787363913
561.9215039829 128.2078042833
292.2390207134 309.7833789242
284.1958209998 532.0716827784
24
419.3471522323 17.1418705577
866.5139910404 833.3975220627
384.4761548266 993.0844156199
614.8445364350 166.9470234699
868.2847923780 700.7492651065
309.5797754602 950.4321082057
654.0050157583 208.2730188162
571.5781445090 784.3481397372
376.2114598886 502.4653791733
996.9317916162 556.7339684316
898.2164244389 203.1363764024
979.7449168727 835.1860634799
718.3490643071 594.1135018135
483.3016581227 934.1073271341
879.7926410723 480.4420539030
71.3985314129 561.5529557437
960.7561519513 38.8614356482
190.5726141265 935.7492722800
384.4779658540 781.6416753364
722.8555276276 730.3191207891
601.8787059845 713.0829018132
979.5652232933 864.1741774825
837.2078766747 689.6078312010
873.2398061360 403.0496400070
24
191.8379443220 102.2490452584
824.1209913123 313.8268247114
398.5063483860 761.9812578459
457.1963982416 375.0678514363
982.0308982032 352.2134172935
427.7332241563 901.3344749605
812.7725994001 611.5228206615
127.5840947504 663.9904773447
148.5459203905 689.6389260167
957.6505161890 935.2061046878
742.9413409293 285.5971643683
477.4521931102 819.0723409893
473.2745631738 100.7351326821
806.0426514255 185.9224915713
903.5919394227 362.4647031289
433.8051807008 515.9260586332
168.1548495509 954.1572468824
198.0969108906 665.5303933547
985.2976384276 792.5111577286
551.7928673169 631.3030088285
948.3387282374 40.6987196728
192.5353511682 924.6295292651
774.5585504217 362.9285238732
477.5402460436 949.7382709407
24
705.6535790495 999.1769020186
667.8168070643 779.9186234462
761.0621226752 775.8444567119
8.9070851707 704.6662196426
322.5356086789 792.4626228119
36.8818816187 958.3321885741
120.2984259269 741.6603913610
241.0510473749 981.8890119083
517.9563053248 726.9828069202
946.7034586562 153.9970026561
888.4589978635 576.4502920026
463.1051461797 783.9536061097
43.8376423588 160.6879461996
286.2106856766 940.6085111941
612.4719634178 489.5481886581
447.4882843615 547.6347627333
223.3573181354 485.5796171241
389.8689158356 24.7103507674
363.6628911802 174.2626870841
690.4951072428 831.2257208194
514.4736749475 191.0477572527
191.3037969410 974.9892121597
920.7433588938 109.1431797757
348.0079119948 986.4661915751
24
67.5573264047 517.9783076995
752.6957493099 257.8220557276
62.8753824860 382.7584044543
173.4638577280 443.2603490747
548.7617372365 561.6554652035
74.1909421277 320.3251362973
616.5938557379 999.6983529375
591.6194240157 108.6286460860
80.4089378431 906.6340566508
608.8784477084 255.4495725487
403.6930762604 344.3504715221
448.0242806825 445.4316598966
892.4596481585 6.9068869875
484.5917858037 86.5605491044
477.5615455275 666.2512602105
775.9655658503 5.1869791218
797.7534111792 640.1756631814
333.0742532918 545.8929297348
89.0355733527 905.6599770970
118.0100962767 428.3069685692
538.5277070160 898.6415324778
380.5796484164 417.3019947104
947.4386518372 708.1075929210
218.4702071282 937.0353815521
24
487.2247680493 635.2663297444
492.6019284873 972.5200429410
575.6778206438 288.4827828212
844.5420125207 287.4608181058
474.1031830420 744.2722566595
778.2525424681 391.9981198575
766.8157464222 962.8399374746
997.2895448534 268.1204816586
385.2414270564 114.1690163279
781.0499861393 345.1393829589
261.6347510079 458.2525704211
769.1638672379 628.6566579233
659.6156509969 833.8202852960
808.1601092768 73.3388727943
100.5112072796 711.7622005581
58.0218838383 163.0900123389
376.5055807711 283.2910696865
362.8055369906 155.2039364466
396.1950467523 454.4031490379
190.7760954767 863.0928177699
420.2240562363 743.7227738501
500.6491069539 734.8433711702
562.6319621307 200.4088818026
924.1922808035 499.3686052557
24
588.1984137524 851.6229033127
163.1160000104 370.5789645812
930.3790579403 488.3482268320
329.8511857659 669.4187643158
891.8910829692 647.4291479984
167.3068490764 492.3638904385
61.8602058833 669.5674053715
837.4714635221 988.8617399465
256.6039486135 47.6621884661
829.5155618520 305.8276583484
873.4882282552 207.9227107830
103.8158887770 318.8590900176
760.4618163046 325.1762595067
69.0559569150 274.2466551247
192.7578865002 312.9322522693
325.7894187542 184.7397257092
968.2286937795 129.0628258043
455.4954682379 933.4632913068
674.7667678040 82.5762980799
32.9135508383 552.7455054003
731.3233798410 372.1549450062
601.6636414744 827.6474882310
987.3393037071 494.7198743476
941.5106611384 398.4539963672
